01010000; 7305
01010500; 7305
01013500; 7305
01014000; 7305
01015800; 7305
01016500; 0
01017000; 7305
01017290; 944
01018035; 2010
01018500; 7305
01019000; 7305
01020000; 0
01021000; 7305
01021500; 2869
01022000; 0
01022500; 7305
01027200; 3409
01030000; 273
01030500; 7305
01031500; 7305
01033000; 1004
01033500; 0
01034000; 7305
01034500; 7305
01035000; 0
01036000; 0
01036390; 2100
01037000; 374
01041000; 0
01042500; 7305
01043500; 0
01045000; 0
01046500; 7305
01047000; 7305
01048000; 7305
01049000; 7305
01049205; 2557
01049265; 4748
01049500; 7305
01053500; 7305
01053600; 822
01054000; 7305
01054500; 7305
01058500; 0
01059000; 7305
01064118; 1734
01064140; 0
01064500; 7305
01065000; 0
01065500; 2100
01066000; 7305
01076500; 7305
01080500; 5022
01081000; 7305
01081500; 3379
01085000; 0
01085500; 3379
01088000; 0
01091500; 0
01092000; 7305
01096500; 7305
01099500; 7305
01100000; 7305
01104200; 7305
01104500; 7305
01108000; 5205
01111212; 1632
01112500; 7305
01113895; 2324
01116500; 7305
01118500; 7305
01122500; 7305
011230695; 3474
01125500; 5571
01127000; 7305
01129200; 7305
01129500; 7305
01130000; 5577
01131500; 7305
01135500; 7305
01138000; 0
01138500; 7305
01142000; 0
01144000; 7305
01144500; 7305
01151500; 7305
01152500; 7305
01154500; 7305
01155910; 2192
01156000; 0
01156500; 0
01160350; 6119
01161000; 7305
01166500; 7305
01168151; 2465
01168500; 7305
01170000; 7305
01170500; 7305
01172003; 4290
01172010; 3014
01173500; 7305
01177000; 7305
01183500; 7305
01187000; 0
01187980; 0
01188090; 7305
01189995; 7305
01190000; 0
01197500; 7305
01198125; 2114
01199000; 7305
01200000; 6666
01200500; 7305
01205500; 7305
01208500; 7305
01314000; 0
01315500; 7305
01317000; 0
01318500; 7305
01321000; 7305
01325000; 7305
01327750; 7305
01329490; 4658
01329500; 2009
01331095; 7305
01334500; 7305
01335500; 0
01335754; 7305
01343060; 3495
01344000; 0
01346000; 7305
01347000; 7305
01348000; 1551
01350000; 7305
01350101; 3124
01350180; 7168
01350355; 6787
01351500; 7305
01357500; 7305
01358000; 6345
01361000; 0
01364500; 7305
01367500; 7305
01370000; 0
01370500; 0
01371500; 7305
01375000; 7305
01381900; 7305
01388500; 7305
01389500; 7305
01389800; 0
01400500; 7305
01402000; 7305
01403000; 0
01403060; 7305
01417000; 7305
01417500; 7305
01420500; 7305
01420980; 5022
01421000; 7305
01422700; 0
01423000; 7305
01425000; 7305
01426500; 7305
01427207; 1618
01427405; 0
01427510; 7305
01428500; 7305
01431500; 7305
01432000; 5387
01433500; 1551
01434000; 7305
01437000; 0
01437500; 7305
01438500; 7305
01442500; 7305
01446500; 7305
01446700; 0
01447800; 7305
01448000; 0
01449000; 7305
01451000; 7305
01453000; 7305
01454700; 5387
01463500; 7305
01465500; 7305
01470500; 7305
01471000; 7305
01471510; 7305
01472000; 7305
01473000; 7305
01473500; 3433
01474500; 7305
01481000; 7305
01481500; 7305
01497500; 0
01498620; 865
01501000; 0
01502500; 5295
01502632; 457
01502731; 457
01503000; 7305
01505000; 4017
01505810; 835
01507000; 457
01509000; 6939
01510500; 0
01512500; 7305
01513500; 457
01513831; 457
01515000; 5295
01518000; 7305
01518700; 7305
01520000; 7305
01520500; 2008
01525500; 457
01526500; 7305
01529500; 7305
01529950; 7305
01530332; 457
01531000; 7305
01531500; 7305
01532000; 7305
01533400; 7305
01534000; 7305
01536000; 7305
01536500; 7305
01539000; 7305
01540500; 7305
01541000; 7305
01541200; 7305
01541303; 7305
01542500; 2556
01543000; 7305
01543500; 7305
01544000; 7305
01545000; 7305
01545500; 7305
01547200; 7305
01547500; 7305
01548000; 0
01548005; 2117
01548500; 7305
01549700; 7305
01551500; 7305
01552000; 7305
01553500; 7305
01554000; 7305
01555000; 7305
01556000; 7305
01558000; 7305
01559000; 7305
01562000; 7305
01563200; 7305
01563500; 7305
01566000; 3380
01567000; 7305
01568000; 7305
01570000; 7305
01570500; 7305
01571500; 7305
01573000; 7305
01573560; 6940
01573825; 2679
01574000; 7305
01575500; 2100
01575585; 0
01576000; 7305
01576500; 7305
01576754; 7305
01578310; 7305
01584000; 0
01589000; 2944
01594440; 7305
01595500; 2649
01595800; 2649
01598500; 7305
01600000; 1827
01601500; 7305
01603000; 7305
01604500; 7305
01606000; 4658
01606500; 7305
01608000; 7305
01608070; 1512
01608500; 7305
01610000; 7305
01611500; 6939
01613000; 7305
01614000; 2376
01614500; 7305
01616500; 7305
01618000; 2830
01619500; 7305
01622000; 7305
01625000; 7305
01627500; 7305
01628500; 7305
01629500; 7305
01631000; 7305
01632000; 7305
01633000; 7305
01634000; 7305
01636500; 7305
01638500; 7305
01642190; 2649
01643000; 7305
01644000; 7305
01646500; 7305
01646502; 7305
01656700; 0
01657500; 0
01662000; 0
01663500; 4030
01664000; 7305
01667500; 7305
01668000; 7305
01670400; 3110
01671000; 0
01671020; 7305
01671025; 2315
01672500; 5209
01673000; 7305
01674000; 7305
01674500; 7305
01AF007; 7305
01AJ010; 7305
01AK008; 1096
01AL002; 7305
01AM001; 7305
01AN002; 7305
01AP002; 7305
01AP004; 7305
01BC001; 7305
01BD002; 2106
01BD008; 5778
01BE001; 7305
01BF001; 3653
01BG005; 7111
01BG009; 7286
01BH001; 0
01BH002; 0
01BH005; 4743
01BH007; 2192
01BH010; 4736
01BJ001; 1461
01BJ003; 7305
01BJ007; 7305
01BL003; 7305
01BO002; 1461
01BO003; 1461
01BP001; 7305
01BQ001; 7305
01BU002; 7305
01DG006; 1461
01EC001; 7305
01ED005; 5480
01EF001; 7305
01EG002; 2192
01EN002; 1826
01EO001; 7305
01FB001; 7305
01FB003; 7305
02011800; 7305
02012500; 0
02013100; 7305
02016000; 7305
02016500; 7305
02018000; 7305
02019500; 7305
02021500; 7305
02023000; 0
02024000; 7305
02024752; 1918
02025500; 7305
02026000; 7305
02028000; 0
02029000; 7305
02030500; 3767
02032500; 0
02032515; 2487
02034000; 7305
02034500; 0
02035000; 7305
02037500; 7305
02039500; 7305
02040000; 7305
02041500; 0
02041650; 7305
02042500; 7305
02044500; 7305
02045500; 7305
02047000; 7305
02047500; 7305
02048000; 0
02049500; 7305
02051500; 7305
02052000; 7305
02053200; 2259
02054500; 7305
02054510; 1996
02054530; 6960
02055000; 7305
02056000; 7305
02057000; 0
02057500; 0
02058400; 7305
02058500; 0
02060500; 7305
02061500; 7305
02062500; 7305
02065200; 0
02066000; 7305
02069000; 747
02070500; 2269
02071000; 2275
02072000; 7305
02072500; 7305
02073000; 7305
02074000; 2275
02074218; 0
02075000; 1734
02075045; 5571
02075500; 7305
02077000; 7305
02077303; 2249
02077500; 7305
02079500; 0
02080500; 2277
02081000; 0
02081747; 2252
02082000; 0
02082506; 2266
02082585; 2274
02083000; 2255
02083500; 2230
02084000; 2245
02084472; 2040
02087000; 0
02087183; 2281
02087500; 2283
02087570; 273
02088500; 2228
02089000; 2219
02089500; 2228
02091814; 5205
0209205053; 2766
02096500; 2267
02096960; 2268
02098000; 0
02098200; 0
02100500; 2257
02102000; 2165
02102500; 2148
02103000; 3027
02103500; 0
02105500; 2183
02105769; 4081
02106500; 2280
02109500; 2163
02110500; 7152
02112000; 2283
02112250; 2270
02113500; 0
02113850; 2209
02115360; 2282
02116500; 2900
02118000; 2620
02119000; 0
02122500; 0
02123500; 0
0212433550; 3655
02124742; 3668
02126000; 2273
02129000; 4823
02130561; 7121
02130980; 3279
02131000; 7178
02131500; 3184
02132500; 0
02133624; 2269
02134170; 2263
02134480; 2644
02134500; 2248
02135000; 7243
02135200; 3191
02136000; 7130
0213903612; 1795
02140991; 2210
02142500; 0
02145000; 2256
02146000; 6801
02146800; 1708
02147000; 396
02147020; 6436
02147500; 7305
02148000; 7192
02148315; 6985
02151000; 2192
02151500; 2275
02152500; 0
02153200; 4753
02153500; 301
02153551; 4089
02155500; 4456
021556525; 6120
02156000; 0
02156500; 7234
02160105; 7242
02160390; 6171
02160500; 0
02160700; 7240
02161000; 6132
02161500; 0
02162500; 7248
02163000; 0
02163001; 2631
02163500; 4787
02165000; 5022
02166501; 5613
02167000; 7305
02167450; 7181
02168504; 5170
02169000; 6245
02169500; 7160
02172002; 1918
02172500; 0
02173000; 6610
02173030; 7003
02173051; 7184
02173500; 7188
02174000; 2100
02175000; 5953
02175500; 7305
02176000; 0
02177000; 7305
02184000; 0
02187252; 2382
02187500; 0
02188000; 0
02189000; 0
02191300; 4840
02191743; 1519
02192000; 675
02192500; 6744
02193500; 7305
02196000; 6791
02196484; 4291
02197315; 4291
02197320; 4016
02197500; 5188
02197830; 2062
02198000; 7305
02198920; 538
02200120; 380
02202000; 0
02202040; 1097
02202190; 563
02202500; 7305
02202600; 7305
02202680; 380
02203000; 7305
02204500; 0
02207220; 2957
02207335; 3348
02207500; 450
02208000; 409
02210500; 6560
02212500; 0
02212735; 556
02213000; 4389
02215000; 1302
02215500; 7305
02215900; 409
02217475; 7305
02217500; 3546
02217770; 3019
02218300; 3638
02218500; 0
02219500; 0
02220900; 7305
02223000; 7304
02223056; 3382
02223248; 6635
02223500; 7305
02224500; 1037
02225000; 7305
02225500; 7305
02226000; 7305
02226100; 3739
02226160; 1003
02226362; 550
02226500; 7305
02227270; 457
02227500; 7305
02228000; 7305
02228070; 379
02231000; 7305
02231253; 0
02231289; 1579
02231600; 7305
02232000; 7305
02232400; 7305
02232500; 7305
02233484; 3315
02233500; 7305
02234000; 7305
02234500; 5782
02236000; 7305
02236125; 5990
02237293; 7305
02238000; 7305
02238500; 7305
02240000; 7305
02240500; 7305
02242451; 1734
02243000; 7305
02244040; 6519
02244440; 6654
02245050; 2941
02246025; 4253
02246500; 5582
02256500; 7305
02268903; 5022
02270500; 7305
02272500; 561
02294650; 7305
02294655; 3153
02294775; 3153
02294898; 7305
02296500; 7305
02297310; 7305
02298123; 7305
02298202; 5936
02298830; 7305
02301500; 7305
02301719; 3430
02303000; 7305
02303330; 7305
02304500; 7305
02310947; 7305
02311500; 7305
02312000; 7305
02312300; 2497
02312500; 7305
02312600; 7305
02312700; 7305
02312720; 7305
02312762; 3379
02313000; 7305
02313230; 7305
02314500; 7305
02315500; 7305
02315550; 2100
02315920; 458
02316000; 3041
02317500; 7305
02317620; 1918
02317748; 0
023177483; 7305
02317755; 183
02318000; 3089
02318380; 410
02318500; 6916
02318700; 7305
02319000; 7305
02319394; 3256
02319500; 7305
02319800; 5205
02320000; 5209
02320500; 7305
02321500; 7305
02321975; 3287
02322000; 0
02322500; 7305
02322800; 2986
02323000; 3437
02323500; 7305
02323592; 4209
02326000; 7305
02326500; 1188
02326512; 2472
02326900; 6479
02327355; 556
02327500; 2595
02328522; 4475
02329500; 407
02329600; 7305
02330000; 7305
02330150; 5260
02331600; 7305
02334430; 7305
02334500; 0
02335000; 7305
02335450; 7305
02335500; 0
02335815; 3728
02336000; 3206
02336490; 4338
02337000; 7305
02337040; 2923
02337170; 6036
02338000; 7305
02338500; 2475
02339500; 7305
02341500; 4035
02341505; 7305
02341800; 3213
02342500; 7305
02343225; 954
02343500; 0
02343801; 1182
02344000; 0
02344500; 7305
02346180; 639
02347500; 7305
02349500; 4798
02349605; 7305
02350500; 0
02350512; 7305
02350600; 4748
02350900; 7305
02351890; 7305
02352500; 7305
02353000; 3741
02353265; 3471
02353500; 7305
02354500; 5636
02354800; 5740
02355350; 5605
02355662; 3160
02357000; 7305
02358000; 7305
02358700; 7299
02358754; 2816
02358789; 4110
02359000; 7305
02359170; 7305
02360500; 0
02361000; 7305
02361500; 3677
02363000; 7305
02364500; 3014
02365200; 4475
02365500; 6678
02366000; 1918
02366500; 7305
02367800; 0
02367900; 4475
02369000; 7305
02369600; 3256
02370000; 5959
02370500; 5025
02371500; 7305
02372000; 0
02372250; 7305
02372422; 4216
02372430; 0
02372500; 0
02373000; 7305
02373500; 0
02373800; 0
02374000; 0
02374250; 4278
02374660; 0
02374700; 4299
02375500; 7305
02376033; 6622
02376500; 7305
02380500; 7305
02382500; 7305
02383500; 7305
02384500; 3611
02387000; 7305
02387500; 7305
02388350; 2180
02388500; 7305
02394000; 4075
02395000; 2579
02395980; 3582
02396000; 2465
02397000; 7305
02398300; 7305
02398500; 0
02399200; 7305
02399500; 0
02400100; 7305
02400500; 0
02401500; 0
02404000; 0
02404400; 7305
02405000; 0
02407000; 0
02408500; 0
02408540; 7305
02411000; 7305
02411930; 3719
02412000; 7305
02413300; 7305
02414500; 7305
02414715; 7305
02418500; 7305
02419000; 7305
02419890; 5571
02420000; 3376
02421000; 7305
02422000; 0
02422500; 7305
02423000; 0
02423425; 5271
02423496; 7305
02423500; 7305
02423555; 5571
02423647; 0
02424000; 7305
02424500; 0
02424940; 0
02425000; 7305
02425500; 0
02427250; 7305
02428400; 7305
02428500; 0
02429500; 0
02433000; 0
02435020; 4656
02436500; 7305
02437100; 7305
02437500; 0
02438000; 7305
02439400; 7305
02440500; 3086
02441000; 1785
02441390; 7305
02442500; 3379
02443000; 7
02443500; 5206
02444160; 6940
02444500; 0
02445500; 0
02446500; 7305
02447000; 0
02447025; 7305
02447500; 0
02448000; 7305
02450000; 7305
02450180; 7305
02450500; 0
02452000; 0
02453500; 423
02455000; 6666
02455500; 1826
02455900; 3106
02456500; 7305
02462500; 7305
02462951; 7058
02464000; 7305
02464500; 0
02465000; 7305
02466000; 0
02467000; 7305
02467500; 7305
02468500; 0
02469761; 7305
02470000; 0
02470100; 0
02472000; 7305
02472500; 7305
02472850; 5936
02473000; 7305
02473500; 7305
02474500; 7305
02474560; 7305
02474600; 3773
02475000; 7305
02475500; 7305
02476000; 273
02476600; 7305
02477000; 7305
02477500; 0
02477990; 7305
02478500; 7305
02479000; 7305
02479130; 7305
02479160; 7305
02479300; 7305
02479310; 5479
02479500; 0
02479560; 7305
02481500; 0
02481510; 7305
02481880; 7305
02482000; 7305
02482500; 0
02482550; 7305
02483000; 6940
02483500; 4840
02484000; 7305
02484630; 72
02485498; 111
02485500; 0
02486000; 7305
02487500; 6301
02488000; 4291
02488500; 7305
02489000; 4110
02489500; 7301
02490500; 7305
02491500; 0
02492000; 7305
02492600; 0
02AB021; 7047
02BA002; 1096
02BB002; 0
02BD003; 0
02EA005; 7305
02EC018; 7305
02ED101; 5113
02FC016; 4748
02FE009; 7305
02FE013; 4838
02GA017; 0
02GA038; 7305
02GB007; 7305
02GC002; 7305
02GC010; 5844
02GD004; 7305
02JB004; 0
02JB013; 7269
02KF016; 7305
02KJ007; 2192
02LB008; 6729
02LD001; 0
02LD005; 7185
02LG005; 7254
02LH004; 3653
02MC001; 7305
02NE011; 5578
02NF003; 7303
02OB037; 7305
02OD003; 4692
02OE032; 7205
02OG026; 6840
02OJ024; 7228
02PA007; 7285
02PB006; 7303
02PC009; 3287
02PD002; 7302
02PE009; 1826
02PG004; 0
02PG022; 7232
02PJ007; 4735
02PJ030; 6950
02PK005; 3523
02PL005; 7248
02PL007; 3358
02QA002; 7227
02QA017; 2794
02QB011; 1826
02QC001; 1813
02QC009; 7028
02RC011; 7301
02RD002; 3653
02RD003; 7178
02RF001; 7305
02RF002; 5672
02RF006; 731
02RG005; 7304
02RH035; 7304
02RH045; 7295
02RH047; 3365
02RH049; 2907
02UC002; 6979
02VA001; 0
02VB004; 4497
02VC001; 7149
02WA001; 0
02WB003; 7305
02XA003; 7305
02YA001; 2192
02YC001; 7305
02YG001; 7305
02YJ001; 7305
02YK002; 7305
02YK004; 0
02YK005; 7305
02YL001; 7305
02YL008; 7305
02YM001; 1826
02YN002; 7305
02YO008; 7305
02YQ001; 7305
02YR003; 7305
02YS001; 0
02YS005; 7305
02ZF001; 7305
02ZH001; 7305
03007800; 7305
03010500; 7305
03010800; 0
03011020; 7305
03012550; 730
03012600; 0
03013000; 1004
03014500; 7305
03015000; 7305
03015310; 2085
03015500; 7305
03016000; 6210
03017500; 0
03020000; 730
03020500; 7305
03021500; 0
03021520; 730
03023100; 7305
03024000; 7305
03025500; 7305
03028500; 1735
03029500; 7305
03030500; 7305
03030852; 15
03031000; 0
03031500; 7305
03032500; 7305
03036000; 730
03036500; 7305
03039000; 730
03040000; 6940
03041029; 3307
03041500; 7305
03044000; 365
03047000; 730
03048500; 7305
03049500; 7305
03050500; 5022
03051000; 7305
03053500; 7305
03054500; 7305
03056000; 0
03057000; 1826
03058975; 5114
03059000; 0
03061000; 7305
03062000; 0
03063000; 0
03065000; 6575
03069000; 1004
03069500; 7305
03070000; 2100
03070260; 457
03070500; 7305
03071000; 0
03072000; 7305
03072500; 1734
03072655; 7305
03075070; 7305
03076500; 7305
03077500; 730
03079000; 7305
03081000; 7305
03081500; 822
03082500; 7305
03083500; 7305
03085000; 5022
03085500; 7305
03086000; 7305
03090500; 457
03091500; 7305
03094000; 7305
03097550; 7305
03098000; 0
03098600; 7305
03099500; 273
03102850; 7305
03103500; 730
03105500; 7305
03106000; 7305
03106500; 7305
03107500; 7305
03109500; 7305
03111534; 1734
03112000; 7305
03114500; 2374
03115400; 5571
03117000; 7305
03117500; 7305
03122500; 273
03124000; 273
03124500; 7305
03127000; 273
03127500; 273
03129000; 7305
03130000; 273
03131500; 273
03133500; 273
03135000; 1004
03136000; 0
03136500; 7305
03137000; 0
03138500; 273
03139000; 7305
03140500; 7305
03142000; 6940
03143500; 273
03144500; 457
03146500; 7305
03147000; 0
03147500; 273
03150000; 4022
03150300; 2374
03151000; 0
03152000; 3561
03153500; 0
03154000; 0
03155000; 7305
03155220; 640
03155500; 1369
03157500; 7305
03159500; 7305
03159510; 821
03159530; 0
03160000; 0
03161000; 2190
03162500; 0
03164000; 7305
03165500; 5455
03167000; 7305
03167500; 1734
03168000; 7305
03170000; 7305
03171000; 7305
03171500; 0
03173000; 7305
03175500; 6939
03176500; 7305
03178000; 730
03179000; 7305
03180000; 0
03183500; 7305
03184000; 7305
03184500; 4656
03185400; 7305
03185500; 0
03187000; 0
03189100; 7305
03189600; 4656
03190000; 0
03190400; 7305
03192000; 7305
03193000; 7305
03194700; 7305
03195000; 0
03195500; 639
03196600; 0
03196800; 0
03197000; 7305
03198000; 7305
03198500; 7305
03198550; 0
03199000; 0
03199400; 0
03199700; 0
03200500; 7305
03201000; 524
03201902; 2953
03202000; 6940
03202400; 7305
03202900; 0
03202915; 998
03203000; 0
03203600; 7305
03204000; 1734
03204500; 0
03205470; 3713
03207000; 0
03207020; 0
03207500; 0
03207800; 7305
03208000; 1367
03208500; 7305
03209000; 7305
03209200; 0
03209300; 639
03209500; 7305
03209800; 0
03211500; 639
03212500; 7305
03212980; 6209
03213000; 0
03213620; 1004
03213700; 7305
03214000; 0
03214500; 7305
03214900; 639
03215000; 0
03215500; 0
03216350; 685
03216400; 1370
03216500; 7305
03217000; 7305
03217500; 457
03219500; 7305
03221000; 7305
03225500; 7305
03226500; 0
03226800; 5538
03227500; 7294
03229500; 7305
03229610; 1918
03230000; 0
03230500; 7305
03230700; 0
03230800; 5571
03230900; 2465
03231000; 273
03231500; 7305
03232000; 5571
03232300; 0
03232470; 273
03234000; 3287
03234300; 7305
03234500; 7305
03237020; 3318
03237250; 2976
03237255; 3630
03237500; 7305
03238500; 7305
03242050; 0
03242300; 0
03242350; 0
03244000; 0
03245500; 7305
03246200; 0
03246500; 613
03247050; 1369
03247500; 7305
03248000; 0
03249500; 3402
03250500; 3379
03251200; 7154
03251500; 5143
03252000; 273
03252500; 77
03253500; 6940
03254520; 899
03261500; 7305
03262000; 7305
03262700; 7305
03263000; 7305
03265000; 7305
03266000; 7305
03267500; 0
03267800; 0
03267900; 6209
03269500; 7305
03270000; 7305
03270500; 7305
03271500; 1734
03271601; 7032
03271800; 3195
03272000; 7305
03272100; 5936
03273500; 0
03274000; 7305
03275000; 7305
03275600; 7305
03276000; 4291
03276500; 7305
03277000; 0
03277500; 2192
03280000; 5844
03280600; 273
03280900; 0
03281000; 7305
03281500; 7305
03282000; 7305
03282120; 3744
03282290; 3014
03283500; 6575
03284000; 7305
03284230; 452
03284500; 2302
03285000; 7305
03286200; 420
03286500; 6666
03287000; 5844
03287500; 6940
03289500; 7305
03290500; 7305
03291500; 3713
03295500; 0
03295890; 7305
03298500; 5478
03299000; 639
03300400; 7154
03301000; 4382
03301500; 7305
03302800; 7305
03303000; 7305
03306000; 1369
03306500; 1461
03307100; 0
03308500; 7305
03309000; 1461
03310300; 7305
03310500; 0
03311000; 5022
03311500; 639
03312500; 0
03313000; 1369
03314000; 457
03314500; 4597
03315500; 1004
03316500; 7124
03317000; 0
03318500; 1369
03319000; 1584
03320000; 7305
03320500; 7305
03321060; 1919
03322100; 0
03322900; 7305
03322985; 3380
03323000; 0
03323500; 4417
03324000; 7305
03324300; 7305
03324500; 4424
03325000; 7305
03326000; 0
03326500; 7305
03327500; 7305
03328000; 7305
03328500; 7305
03329000; 7305
03329500; 0
03329700; 7305
03331500; 7305
03331753; 3398
03332500; 0
03332555; 748
03332605; 749
03333000; 0
03333050; 7305
03333700; 7305
03334000; 7305
03334500; 7305
03335000; 7305
03335500; 7305
03335700; 0
03336000; 7305
03336645; 7305
03338000; 0
03338500; 0
03338780; 7305
03339000; 7305
03339120; 0
03339150; 0
03339500; 7305
03340000; 0
03340500; 7305
03340900; 4291
03341000; 0
03341300; 6666
03341420; 0
03341500; 7305
03342000; 7305
03342500; 6051
03343000; 1369
03343010; 716
03344000; 0
03345500; 7305
03346000; 7305
03346500; 3379
03347000; 7305
03348000; 2619
03348130; 4110
03348500; 0
03349000; 7305
03350500; 639
03351000; 7305
03352500; 7305
03352875; 273
03353000; 7305
03353611; 6666
03353800; 7305
03354000; 7305
03357000; 0
03357420; 0
03357500; 4291
03358000; 7305
03359000; 4411
03360000; 7305
03360500; 7305
03361500; 7305
03362500; 7305
03363000; 273
03363500; 7305
03363900; 7305
03364000; 7305
03364650; 1675
03365500; 7305
03366500; 7305
03369500; 7305
03371500; 7305
03372500; 3926
03373000; 0
03373500; 7305
03373700; 1004
03374000; 7305
03375500; 7305
03376300; 7305
03376500; 7305
03377500; 7305
03378000; 7305
03378635; 7305
03378900; 0
03379500; 7305
03380350; 0
03380500; 7305
03381500; 7305
03382500; 0
03383000; 7305
03384100; 822
03384180; 220
03400990; 639
03401000; 6940
03402900; 5114
03403000; 496
03403500; 4567
03403910; 3380
03404000; 7305
03404500; 2557
03405000; 0
03406500; 5113
03408500; 5406
03409500; 4840
03410210; 4324
03410500; 5387
03410600; 1219
03414000; 639
03414500; 3866
03417000; 273
03421000; 7305
03422500; 2468
03424500; 0
03424730; 7093
03425000; 273
03426310; 6117
03426500; 0
03427500; 4175
03428500; 2716
03429000; 0
03430100; 366
03431500; 6819
034315005; 6727
03432400; 6636
03433500; 7305
03434500; 7305
03435000; 273
03435305; 1964
03435500; 0
03436100; 5795
03437000; 0
03438000; 7305
03438220; 2465
03443000; 2263
03447687; 2279
03448000; 0
03451500; 2281
03453500; 2281
03455000; 6874
03459500; 2236
03460795; 2966
03461500; 5410
03464500; 0
03465500; 7305
03466500; 0
03467000; 2557
03467500; 273
03467609; 5247
03469000; 0
03470000; 0
03470500; 0
03473000; 7305
03475000; 7305
03476500; 0
03484000; 0
03486000; 0
03487499; 0
03487500; 0
03488000; 7305
03488500; 0
03490000; 0
03490500; 964
03494000; 0
03495500; 1036
03497000; 0
03498500; 7305
03498850; 7249
03503000; 2256
03510500; 0
03510577; 2283
03513000; 2272
03515000; 0
0351706800; 4106
03518000; 0
03518300; 0
03519500; 0
03520000; 0
03524000; 7305
03527000; 3392
03527220; 1200
03528000; 7305
03531500; 7305
03532000; 5417
03533000; 1096
03535912; 1004
03538150; 0
03539800; 4324
03540500; 7305
03543005; 1096
03548500; 5022
03553500; 0
03556500; 0
03559000; 0
03559500; 0
03563000; 2879
03564500; 1461
03565000; 0
03566000; 7305
03567000; 0
03567500; 1369
03568000; 6483
03571000; 4383
03571850; 0
03574500; 7305
03575000; 1461
03575100; 4475
03575500; 2464
03579100; 0
03580750; 61
03582000; 897
03584000; 0
03584020; 3164
03584500; 0
03584600; 5494
03588500; 5113
03589500; 4343
03592000; 0
03592500; 0
03593500; 5536
03594160; 0
03596500; 31
03597860; 5257
03598000; 7304
03599240; 2771
03599500; 7304
03601990; 3532
03602000; 0
03603000; 5434
03604000; 7305
03604400; 2191
03606500; 3287
03609500; 0
03610500; 0
03612000; 7305
03AB002; 6193
03AC004; 6805
03AD001; 0
03BA003; 608
03BB002; 731
03BC002; 3453
03BD002; 4768
03BE001; 0
03BF001; 5946
03CB001; 0
03CB004; 3561
03CC001; 0
03CE001; 0
03DC002; 0
03DD002; 614
03DD003; 0
03EA001; 642
03EC001; 731
03ED001; 5664
03ED004; 0
03FA003; 5949
03FC007; 2557
03JB001; 0
03KC004; 3564
03LD004; 731
03MB001; 702
03MB002; 3926
03MC001; 731
03MD001; 3776
03NF001; 7305
03OC003; 4473
03PB002; 6510
03QC001; 7305
03QC002; 7305
04016500; 0
04018750; 0
04020000; 0
04024000; 7305
04024430; 7305
04027000; 7305
04027500; 7305
04029990; 7305
04030000; 0
04031000; 3744
04032000; 0
04034500; 7305
04035000; 0
04039500; 0
04041500; 7305
04045500; 7305
04049500; 0
04055000; 0
04056000; 0
04056500; 7305
04057000; 426
04058100; 7305
04059000; 7305
04059500; 7305
04060993; 7305
04061000; 1343
04062000; 7305
04062011; 7304
04062230; 0
04062270; 0
04062300; 0
04062400; 0
04062500; 7305
04063000; 7305
04063500; 7305
04064500; 5261
04065106; 6666
04065500; 0
04065722; 7305
04066000; 0
04066003; 7305
04066030; 4475
04066500; 3866
04066800; 4597
04067500; 5753
04067651; 579
04067958; 4597
04068000; 0
04069416; 4597
04069500; 7305
04071000; 7305
04071765; 4840
04073365; 2040
04073500; 7305
04074950; 7305
04075500; 0
04077000; 0
04077400; 3834
04078500; 6240
04079000; 7305
04080000; 822
04081000; 822
04082400; 7032
04084445; 7305
040851385; 7305
04085427; 6879
04086000; 7305
04086360; 579
04086600; 7305
04087000; 7305
04087010; 0
04087170; 3015
04096400; 273
04096405; 7305
04096600; 0
04097500; 6666
04099750; 7305
04100500; 7305
04101000; 7305
04101500; 7305
04101800; 7305
04102000; 0
04102500; 7305
04103010; 7305
04103500; 3379
04105000; 7305
04105500; 7305
04106000; 7305
04106906; 1826
04107850; 1826
04108660; 3593
04108670; 3593
04111000; 5571
04112500; 7305
04113000; 7305
04114000; 7305
04114498; 5479
04114500; 2100
04115000; 7305
04116000; 7305
04116500; 0
04117500; 7305
04118000; 1369
04119000; 7305
04121000; 0
04121300; 7305
04121500; 7305
04122000; 1004
04122200; 7305
04122500; 7305
04124000; 7305
04124200; 5144
04125460; 5205
04125500; 0
04125550; 5205
04126000; 1004
04128000; 1369
04130000; 0
04130500; 3561
04132000; 0
04133500; 0
04133501; 3106
04135000; 1004
04135700; 7305
04136000; 5571
04136500; 7305
04136900; 5205
04137005; 5205
04137500; 7305
04142000; 7305
04144000; 0
04146063; 7305
04147500; 7305
04148500; 7305
04149000; 4018
04150000; 0
04150500; 5905
04150800; 1369
04151000; 0
04151500; 7305
04152500; 0
04154000; 7305
04154500; 0
04155000; 7305
04155500; 6239
04156000; 7305
04159492; 7305
04159500; 273
04160000; 0
04161820; 4293
04164000; 7305
04164500; 7305
04165500; 7305
04172000; 7305
04173000; 0
04174500; 7305
04174800; 1369
04176000; 7305
04176500; 7305
04178000; 7305
04179000; 0
04180000; 7305
04180500; 7305
04181500; 7305
04182000; 7305
04183000; 7305
04183500; 0
04184500; 3713
04185000; 7305
04186500; 7305
04188400; 1188
04189000; 7305
04191500; 7305
04192500; 7305
04193500; 7305
04195500; 7305
04195820; 4536
04196500; 3713
04196800; 7305
04197000; 0
04198000; 7305
04199000; 7305
04199500; 3713
04200500; 7305
04201500; 7305
04206000; 7305
04206250; 0
04208000; 7305
04208504; 6667
04209000; 6209
04212000; 0
04212100; 7305
04213500; 6757
04217500; 0
04218000; 7305
04221000; 7305
04221500; 0
04223000; 7305
04227000; 7305
04227500; 7305
04228500; 7305
04229500; 7305
04230500; 7305
04232000; 5387
04232482; 7305
04232730; 1553
04235271; 0
04235440; 4475
04235500; 2830
04235600; 5204
04237500; 7305
04246500; 2830
04247000; 4427
04247055; 1212
04249000; 7305
04250200; 6631
04252500; 7305
04254500; 0
04258000; 7305
04260500; 7305
04262000; 7305
04262500; 7305
04263000; 7305
04265000; 0
04265432; 2649
04266500; 7305
04267500; 4383
04268000; 6940
04268700; 0
04269000; 6940
04273500; 7305
04275500; 7305
04276500; 7305
04279000; 0
04282000; 7305
04282500; 7305
04286000; 7305
04292000; 7305
04292500; 7305
04293500; 7305
04294000; 7305
04AA004; 6661
04AB001; 5976
04AC005; 1096
04AC007; 1095
04AD002; 5271
04CA002; 2922
04CA003; 4245
04CB001; 2922
04CC001; 1461
04CD002; 365
04CE002; 365
04DA001; 7305
04DB001; 5581
04DC001; 5876
04DC002; 5669
04EA001; 1551
04FA001; 2922
04FA003; 5569
04FB001; 1461
04FC001; 5934
04GA002; 6491
04GB004; 6878
04JC003; 0
04KA001; 7305
04LM001; 7305
04MD004; 2489
04MF001; 7305
04NB001; 2869
05017500; 7305
05030500; 6736
05040500; 0
05046000; 7305
05049000; 0
05050000; 7305
05051300; 7305
05051522; 7305
05051600; 4280
05051700; 0
05052000; 306
05052500; 1712
05053000; 7305
05054000; 7305
05054500; 7305
05055000; 0
05055300; 2283
05055400; 1464
05056000; 7305
05057200; 7305
05059700; 7305
05060000; 2140
05060100; 5785
05061000; 7305
05061500; 7305
05062000; 7305
05062200; 0
05062500; 7303
05064000; 7305
05065500; 214
05066500; 7305
05074500; 5479
05075000; 3561
05076000; 7305
05078000; 7305
05078230; 7305
05078500; 7305
05079000; 7305
05080000; 4110
05082500; 7305
05082625; 6666
05083000; 0
05083500; 0
05084000; 7305
05087500; 7305
05089000; 1369
05090000; 7305
05092000; 7305
05094000; 7305
05095500; 0
05107500; 6010
05112000; 7305
05116150; 1004
05116500; 7305
05123400; 7305
05123510; 4619
05123600; 0
05123700; 0
05123750; 639
05124500; 0
05125550; 0
05127000; 7305
05127500; 7305
05129000; 0
05129115; 7305
05131500; 7305
05132000; 5844
05200510; 5020
05211000; 7305
05212700; 3621
05217000; 0
05220500; 0
05227500; 7305
05242300; 7305
05244000; 7032
05247500; 7305
05261000; 3561
05267000; 7305
05270500; 7305
05270700; 7305
05275500; 0
05278500; 0
05278930; 0
05279000; 0
05280000; 7305
05286000; 7305
05288500; 7305
05290000; 5194
05291000; 7305
05292000; 7305
05292500; 0
05292704; 4383
05293000; 6750
05294000; 5955
05300000; 6746
05304000; 0
05304500; 7305
05311000; 7305
05313500; 7305
05315000; 7305
05316500; 7305
05316580; 3744
05316770; 0
05317000; 7305
05319500; 7305
05320000; 7305
05320500; 7305
05325000; 7305
05327000; 7305
05330000; 7305
05330920; 2537
05331000; 7305
05331580; 4841
05332500; 7305
05333500; 7305
05336000; 1146
05336700; 7305
05338500; 7032
05339500; 0
05340050; 0
05340500; 7305
05341500; 7305
05341752; 491
05344500; 7305
05353800; 7305
05355200; 7032
05356000; 7305
05356500; 7305
05357500; 0
05358500; 0
05359500; 0
05360000; 0
05360500; 7305
05362000; 7305
05364000; 0
05365500; 7305
05366500; 0
05367426; 0
05367500; 0
05368000; 7305
05369000; 7305
05369500; 7305
05372995; 7305
05373000; 0
05374000; 0
05374500; 0
05374900; 0
05376800; 2611
05377500; 0
05378500; 7305
05379400; 1176
05379500; 7305
05381000; 6939
053813595; 822
05382000; 7305
05383000; 0
05383075; 4110
05383500; 0
05383950; 3067
05384000; 0
05385000; 5317
05385500; 0
05386000; 0
05387440; 3014
05387500; 3014
05389000; 2293
05391000; 7305
05392000; 0
05393000; 0
05395000; 7032
05396000; 457
05397110; 0
05397500; 7305
05398000; 7305
05399500; 7305
05400760; 7305
05400800; 0
05402000; 6970
05403000; 245
05403500; 641
05404000; 7305
05405000; 7305
05407000; 7305
05407920; 0
05408000; 7305
05410000; 0
05410490; 7305
05410500; 0
05411850; 3747
05412020; 3404
05412400; 4125
05412500; 7305
05413500; 7305
05416900; 3714
05417000; 0
05418400; 4630
05418450; 273
05418500; 7305
05419000; 7305
05420000; 0
05420680; 3978
05421000; 7305
05421740; 3097
05422000; 7305
05427085; 4475
05427530; 457
05427570; 7305
05428500; 2611
05429500; 7305
05429700; 2592
05430175; 7305
05430500; 7305
05431486; 7305
05431500; 0
05432500; 7305
05433000; 7305
05434500; 7305
05435500; 7305
05436500; 7305
05437000; 0
05437050; 3076
05437500; 7305
05439500; 7305
05440000; 7305
05440700; 3896
05443500; 7305
05446500; 7305
05447000; 0
05447500; 7305
05449500; 7305
05451210; 5547
05451500; 7305
05452500; 0
05453100; 7305
05453520; 6666
05454500; 7305
05455100; 7305
05455500; 7305
05455700; 7305
05457700; 5478
05458000; 7305
05458300; 3776
05458500; 7305
05458900; 7305
05459000; 0
05459500; 7305
05462000; 7305
05463000; 7305
05463500; 5137
05464000; 7305
05464220; 4590
05464315; 648
05464500; 7305
05465500; 7305
05466500; 7305
05469000; 6941
05470000; 6945
05470500; 7305
05471000; 7032
05471200; 7305
05471500; 7305
05472500; 7305
05473400; 7305
05474000; 7305
05476000; 7305
05476500; 1592
05476750; 7305
05478000; 0
05479000; 7305
05480000; 0
05480500; 7305
05481000; 7305
05481300; 7305
05481500; 0
05481650; 7305
05481950; 7305
05482000; 5205
05482135; 1750
05482300; 7305
05482500; 7305
05483450; 7305
05483600; 7305
05484000; 7305
05484500; 7305
05484650; 5205
05484900; 5205
05485500; 7305
05486490; 7305
05487470; 7305
05487980; 7305
05488000; 0
05488110; 6666
05488500; 7305
05489000; 7305
05489500; 7305
05490500; 7305
05490600; 983
05495000; 7305
05495500; 7305
05496000; 7305
05497000; 5390
05497150; 1918
05498000; 5387
05498150; 1918
05498700; 1029
05500000; 7305
05501000; 7305
05502300; 7305
05502500; 7305
05503500; 0
05504800; 7102
05504900; 0
05505000; 0
05506350; 4398
05506500; 2908
05506800; 7305
05507000; 0
05507500; 0
05507800; 7305
05508805; 7305
05514500; 7305
05515500; 7305
05516500; 7305
05517000; 7305
05517500; 7305
05517530; 7305
05518000; 7305
05520500; 7305
05522500; 7305
05524500; 7305
05525000; 7305
05525500; 7305
05526000; 7305
05527500; 7305
05528000; 7305
05529000; 7305
05532500; 7305
05536290; 7305
05536995; 5608
05540500; 7305
05542000; 6226
05543500; 7305
05545750; 6301
05546500; 1004
05550000; 6848
05550001; 7305
05551000; 3792
05551540; 3014
05552500; 7305
05554500; 7305
05555300; 7305
05555500; 0
05556500; 7305
05558300; 7305
05563500; 0
05567500; 7305
05568000; 7305
05568500; 7305
05569500; 7305
05570000; 7305
05570910; 7305
05571000; 0
05572000; 7305
05572500; 0
05573540; 7305
05574500; 0
05575500; 0
05576000; 7305
05576500; 7305
05578500; 7305
05579500; 7305
05580000; 7305
05580500; 0
05581500; 0
05582000; 7305
05583000; 7305
05584500; 7305
05585000; 7305
05585500; 0
05585830; 2094
05586100; 7305
05587000; 7305
05587900; 7305
05590950; 5714
05591200; 7305
05592000; 7305
05592100; 7305
05593000; 7305
05593520; 2830
05593525; 0
05593945; 5720
05594000; 7305
05594100; 7305
05594800; 7305
05595000; 632
05596000; 0
05597000; 7213
05599000; 0
05599490; 7305
05AA008; 7305
05AA028; 4979
05AB005; 4958
05AF010; 5518
05AH041; 5518
05AH050; 5522
05BA001; 3712
05BD005; 933
05BG006; 7305
05BH009; 5479
05BJ005; 0
05BJ006; 1039
05CA001; 0
05CA012; 4309
05CB002; 4946
05CC008; 4943
05CK007; 4457
05DB001; 0
05DB003; 190
05DC011; 3745
05DE003; 1013
05DE007; 4954
05DF003; 4917
05DF004; 4961
05DF006; 4944
05ED002; 4934
05EE009; 4935
05EF004; 1847
05EF005; 1843
05FF003; 4809
05GF001; 1718
05GF002; 1963
05GG010; 2239
05HA015; 4576
05HD036; 7305
05JB004; 5231
05JC004; 5213
05JE002; 245
05JH005; 490
05JL002; 1225
05JM010; 5008
05KB003; 1971
05KC001; 2802
05KE005; 1720
05KF001; 2267
05KG002; 2138
05KG007; 2260
05KH007; 7213
05LB002; 985
05LB006; 1716
05LC001; 7305
05LC004; 1096
05LD001; 4826
05LD003; 1719
05LE004; 4928
05LE006; 5565
05LE008; 2922
05LH005; 7262
05LJ005; 4870
05LJ007; 4817
05LJ011; 0
05LL007; 1225
05LL015; 4308
05MC001; 4980
05MD005; 7227
05ME003; 4817
05MF001; 7305
05MF008; 2872
05MG001; 1992
05MH006; 2437
05MH007; 4571
05NE003; 5025
05NF010; 5027
05NF013; 980
05NG019; 0
05OA008; 0
05OC016; 3828
05OE004; 4493
05OE006; 2452
05OE007; 2354
05OE010; 2513
05OF011; 1470
05OF020; 2900
05PB018; 7305
05PC011; 1715
05PH003; 7294
05QA001; 0
05QA002; 7305
05QE008; 7305
05QE012; 7305
05RA001; 2243
05RA002; 365
05RB003; 7252
05RC001; 4200
05RD008; 2192
05RE001; 2192
05SA002; 5591
05TB002; 365
05TD001; 7190
05TE002; 7276
05TF002; 6232
05TG002; 6866
05TG003; 7197
05UA003; 7241
05UF004; 7106
05UG001; 6853
05UH001; 6828
05UH002; 7070
06011000; 0
06012500; 4401
06013500; 0
06014000; 0
06014500; 0
06015400; 0
06015500; 0
06016000; 4868
06017000; 2231
06018500; 7305
06019500; 7185
06020600; 7305
06021000; 0
06021500; 0
06023100; 337
06024450; 4250
06024540; 2782
06024580; 306
06024590; 0
06025250; 1867
06025500; 7305
06026500; 6099
06033000; 7305
06034500; 0
06036650; 7305
06036905; 4931
06037500; 7305
06038500; 7305
06038800; 6304
06040000; 0
06040800; 3197
06041000; 7305
06043500; 7305
06048700; 3379
06052500; 7305
06054500; 7305
06065500; 5936
06066500; 7305
06071100; 0
06071300; 7032
06073500; 6349
06076690; 3169
06077200; 5205
06077500; 1224
06078200; 7093
06078500; 1009
06079000; 398
06080900; 0
06082200; 0
06085800; 4570
06088500; 7305
06089000; 7305
06090500; 0
06090570; 1194
06090800; 7305
06091700; 6939
06092000; 0
06098100; 0
06099000; 5752
06101200; 0
06101500; 7305
06101560; 0
06102000; 0
06102050; 2024
06108000; 7305
06108800; 4326
06109500; 7305
06110000; 0
06111000; 0
06114700; 3202
06118500; 0
06119600; 1836
06120500; 7185
06122800; 1506
06123030; 2729
06123500; 0
06125700; 0
06126050; 4157
06126500; 7305
06127500; 4377
06130000; 0
06130500; 7305
06130700; 0
06131000; 5752
06131120; 0
06139500; 3782
06154400; 7305
06154500; 0
06154550; 6848
06164800; 0
06166000; 4634
06167500; 1390
06170200; 0
06174000; 0
06175000; 639
06175540; 0
06176500; 639
06177000; 7305
06177500; 5484
06177825; 0
06185110; 639
06185500; 7305
06186500; 7305
06188000; 7305
06191000; 7305
06191500; 7305
06192500; 7305
06193500; 0
06195600; 7305
06197500; 0
06200000; 7305
06202600; 0
06204500; 0
06205000; 6555
06206000; 0
06207500; 7305
06208500; 7305
06208800; 0
06212500; 4134
06214000; 0
06214500; 7305
06216900; 3555
06217750; 0
06218500; 4169
06220500; 2465
06220800; 6185
06225000; 7305
06225500; 7305
06227600; 7215
06228000; 7305
06231000; 1734
06233900; 1734
06235500; 7305
06236100; 7305
06239000; 0
06250000; 0
06253000; 7305
06256650; 0
06257000; 0
06258000; 0
06259000; 7305
06264000; 0
06268500; 0
06268600; 0
06269000; 0
06270000; 639
06271000; 0
06274300; 7305
06274500; 0
06275000; 639
06276500; 3763
06277500; 0
06278000; 0
06279500; 7305
06279940; 7305
06280000; 0
06280300; 7305
06281000; 7305
06282000; 7305
06284200; 0
06284400; 0
06285000; 0
06285100; 7305
06285400; 0
06285500; 0
06286200; 0
06287000; 7305
06290500; 5047
06293500; 0
06294000; 7305
06294690; 0
06294700; 0
06294940; 0
06294995; 1734
06295000; 7305
06295250; 5752
06296120; 0
06298000; 7305
06299980; 2436
06305500; 0
06305700; 6122
06306000; 0
06306250; 3853
06306300; 7305
06307500; 7305
06307600; 4383
06307616; 7305
06307740; 4383
06307800; 0
06307830; 2283
06307990; 2283
06308400; 2438
06308500; 7305
06309000; 7305
06309075; 0
06309500; 639
06312500; 0
06313000; 0
06313400; 1004
06313500; 5834
06313590; 2760
06316400; 3744
06316500; 0
06317000; 7305
06317020; 3875
06320200; 0
06320400; 0
06323500; 0
06324000; 2916
06324500; 7305
06324710; 489
06324970; 7305
06325500; 0
06326300; 0
06326500; 7305
06326555; 1369
06326600; 639
06327500; 3014
06329200; 0
06329500; 7305
06331000; 6016
06332000; 0
06332770; 7124
06334000; 0
06334500; 7305
06334630; 0
06335000; 0
06335500; 7305
06335750; 0
06336000; 3593
06336500; 0
06336600; 4738
06337000; 7305
06339100; 7305
06339300; 0
06339500; 7305
06340000; 7305
06340500; 7305
06342500; 7305
06343000; 0
06344000; 0
06344300; 1885
06345000; 0
06345500; 7305
06345780; 7305
06346500; 0
06347000; 2944
06347500; 4691
06348000; 1211
06348300; 7305
06349000; 7305
06350000; 7305
06351000; 0
06351200; 3593
06352000; 7305
06352500; 0
06353000; 7305
06354000; 7305
06354500; 0
06354580; 7305
06354815; 3014
06354882; 7305
06355000; 1734
06355500; 7305
06356500; 5394
06357800; 7305
06358000; 0
06359000; 0
06359500; 7305
06360000; 0
06360500; 7305
06361000; 0
06365900; 2375
06375600; 2557
06376300; 0
06386000; 0
06386500; 2649
06394000; 2557
06395000; 7305
06400000; 7305
06400500; 0
06401500; 3992
06402600; 1380
06403700; 4494
06406500; 7305
06408500; 5022
06410500; 7305
06411500; 7305
06412200; 2465
06412500; 7305
06412900; 1369
06413700; 0
06414000; 7305
06418900; 7305
06421500; 7305
06423500; 7305
06425100; 7305
06425500; 7305
06425720; 3593
06425780; 0
06425900; 0
06426500; 7305
06427500; 1734
06428200; 2716
06428500; 7305
06429905; 7200
06430500; 7305
06432020; 2830
06433000; 7305
06436000; 7305
06436700; 0
06436760; 7305
06436800; 0
06437000; 7305
06438000; 7305
06438500; 5939
06439000; 5763
06439300; 1369
06439500; 415
06440200; 7305
06441000; 652
06441500; 7305
06442500; 0
06442900; 3195
06445000; 0
06445685; 7305
06445700; 2465
06445980; 3195
06446000; 7305
06446500; 3014
06447000; 7305
06447230; 6842
06447450; 3501
06447500; 7305
06449100; 7305
06449300; 3833
06449500; 7305
06450500; 7305
06452000; 7305
06452320; 6643
06453255; 4656
06453500; 1369
06453600; 7305
06454000; 1369
06454100; 273
06454500; 1369
06455500; 273
06455900; 0
06457500; 273
06459175; 1369
06459200; 0
06459500; 1369
06461000; 1369
06462000; 0
06462500; 1369
06463500; 7305
06463720; 273
06464100; 7305
06464500; 7305
06464900; 1369
06465000; 4291
06465310; 281
06465500; 7305
06466500; 4748
06467500; 1734
06467600; 1369
06468000; 0
06468170; 7305
06468250; 7305
06468500; 0
06469400; 7305
06469500; 0
06470000; 7305
06470500; 7305
06470878; 3926
06471000; 7305
06471200; 7305
06471500; 7305
06471550; 1369
06472000; 4110
06472500; 0
06473000; 7305
06473500; 0
06473700; 0
06473750; 0
06474000; 0
06474300; 0
06474500; 0
06475000; 4840
06476000; 7305
06476500; 0
06477000; 7305
06477150; 0
06477500; 7305
06478000; 1663
06478390; 0
06478500; 7305
06478513; 2191
06478518; 1004
06478535; 2557
06478600; 5571
06478690; 7305
06479010; 7305
06479980; 0
06481500; 6575
06482020; 7305
06482100; 0
06482610; 3379
06483270; 0
06483290; 3532
06483500; 7305
06485500; 7305
06485696; 1369
06600100; 7305
06600500; 7305
06601200; 7305
06602020; 6835
06602400; 7305
06605000; 7305
06605600; 0
06605850; 7305
06606600; 7305
06606700; 0
06607200; 7305
06607500; 7305
06608500; 7305
06609500; 7305
06610000; 7305
06610770; 279
06620000; 7305
06625000; 7305
06627000; 0
06628800; 0
06630000; 7305
06631500; 0
06633500; 0
06634600; 0
06634620; 7305
06635000; 7305
06636000; 0
06638090; 639
06639000; 3706
06642000; 2830
06643000; 0
06643500; 1734
06644000; 0
06644500; 0
06645000; 0
06646500; 0
06646600; 639
06646800; 639
06648000; 0
06651500; 0
06652000; 6208
06652800; 7305
06653300; 2100
06653500; 2100
06655000; 0
06656000; 2830
06657000; 7305
06658500; 0
06659500; 3642
06659502; 3459
06660000; 0
06660500; 0
06661500; 0
06661585; 6529
06662000; 1098
06663500; 0
06664400; 3476
06664500; 0
06665000; 0
06666500; 0
06666600; 0
06667060; 0
06667500; 0
06669850; 0
06670000; 0
06670500; 7305
06670900; 0
06671000; 350
06676550; 0
06677010; 0
06677500; 2830
06678000; 2825
06679500; 2830
06682000; 273
06684500; 273
06685000; 273
06686000; 2830
06686500; 0
06690500; 1369
06693000; 1369
06695000; 1734
06696000; 2830
06699005; 2465
06699500; 0
06700000; 1506
06701500; 5021
06701900; 3088
06706400; 1682
06707000; 0
06707500; 2191
06708000; 0
06709000; 7305
06709500; 0
06709530; 7305
06710000; 0
06710245; 1862
06710247; 5442
06711500; 6117
06711565; 7305
06712500; 0
06713000; 4985
06713300; 4656
06713500; 7305
06714000; 6117
06714215; 7305
06718300; 4018
06719500; 0
06719505; 7305
06720000; 0
06720500; 6117
06721000; 2569
06724000; 2830
06725450; 7305
06730200; 7305
06730500; 7032
06731000; 2830
06736500; 0
06738000; 6117
06741500; 0
06741510; 7305
06744000; 0
06747500; 0
06749000; 0
06751150; 4676
06751490; 7305
06751500; 0
06752000; 6117
06752260; 7305
06752280; 7305
06752500; 2830
06753500; 0
06753990; 2182
06754000; 6117
06755960; 6301
06756000; 0
06756100; 2100
06756500; 0
06756995; 0
06758500; 6117
06759000; 0
06759100; 0
06759500; 3312
06759910; 2191
06760000; 0
06760500; 0
06762500; 3287
06763500; 0
06764880; 6575
06765000; 0
06765500; 1369
06771000; 0
06772000; 1369
06777000; 0
06777500; 0
06778000; 0
06779000; 1369
06779500; 0
06780000; 0
06782500; 0
06783500; 1514
06784000; 7305
06785000; 7305
06785500; 247
06786000; 7305
06786500; 0
06787000; 2465
06787500; 1734
06788500; 1369
06789000; 0
06790500; 7305
06791500; 1369
06791800; 0
06792000; 1734
06793000; 7305
06794000; 7305
06794500; 0
06795500; 7305
06796973; 639
06797500; 7305
06798000; 273
06798300; 273
06798500; 1004
06798800; 0
06799000; 7305
06799100; 7305
06799350; 7305
06799385; 1004
06799450; 1004
06799500; 6940
06800000; 7305
06800500; 7305
06803080; 5980
06803486; 4110
06803500; 7305
06803513; 5994
06803555; 7305
06804000; 5571
06804700; 7305
06805000; 0
06806500; 7305
06807320; 0
06807410; 7305
06808500; 7305
06809210; 7305
06809500; 7305
06810000; 7305
06810500; 0
06811500; 7305
06813000; 1283
06813500; 7305
06814000; 7305
06814500; 2100
06815000; 7305
06817000; 7305
06817500; 0
06817700; 7305
06818750; 273
06818900; 0
06820410; 1038
06820500; 7305
06821150; 7305
06821190; 7305
06824500; 1369
06825000; 0
06825500; 0
06826500; 0
06827000; 3136
06827500; 7304
06828500; 7305
06829500; 1004
06831500; 1369
06832500; 1004
06833500; 0
06834000; 7305
06835000; 1369
06835500; 7305
06836500; 7305
06837000; 7305
06837300; 1369
06837500; 1004
06838000; 7305
06839000; 0
06841000; 1369
06842500; 1369
06843000; 0
06843500; 7305
06844000; 1004
06844500; 7305
06844900; 6848
06845000; 4169
06845110; 5636
06845200; 457
06846000; 5479
06846300; 0
06846500; 7305
06847000; 1369
06847500; 7305
06847900; 7305
06848000; 4291
06848500; 7305
06849500; 5752
06850500; 0
06851500; 1369
06853020; 6483
06853500; 7305
06853800; 7305
06854000; 4291
06854500; 0
06855800; 0
06856000; 7305
06856600; 7305
06857000; 0
06857100; 7305
06858500; 0
06859500; 0
06860000; 7305
06861000; 7305
06862000; 0
06862500; 0
06862700; 7305
06862850; 7305
06863000; 2345
06863300; 0
06863500; 7305
06864000; 0
06864050; 7305
06864500; 7305
06865500; 7305
06866000; 0
06866500; 7305
06866900; 7305
06867000; 7305
06867500; 0
06868000; 0
06868200; 7305
06869500; 7305
06869950; 3228
06870200; 6894
06871000; 7305
06871500; 7305
06871800; 4291
06872500; 7305
06873000; 7305
06873200; 4291
06873460; 7305
06873500; 0
06874000; 7305
06875800; 0
06875900; 7305
06876000; 0
06876070; 5387
06876440; 0
06876700; 7305
06876900; 7305
06877600; 7305
06878000; 7305
06878500; 0
06878600; 366
06879000; 0
06879100; 7305
06879200; 0
06879900; 1369
06880000; 1369
06880500; 1369
06880800; 7305
06881000; 7305
06881200; 1369
06881500; 1369
06882000; 7305
06882510; 7305
06882900; 0
06883000; 7305
06883570; 639
06883940; 1368
06884000; 7305
06884025; 7305
06884200; 7305
06884400; 7305
06884500; 0
06885500; 7305
06886000; 0
06887000; 7305
06887500; 7305
06888000; 3256
06888350; 7305
06888500; 7305
06889000; 7305
06889500; 7305
06890100; 7305
06890500; 0
06890900; 7305
06891000; 7305
06891483; 0
06891500; 7305
06892000; 7305
06892350; 7305
06892500; 0
06893578; 3106
06896000; 1080
06897500; 7305
06898000; 7305
06898100; 0
06898500; 0
06899000; 0
06899500; 7305
06899700; 1291
06900000; 0
06900050; 3700
06901500; 3823
06902000; 7305
06904000; 0
06904010; 7305
06904050; 7305
06904500; 7305
06905500; 7305
06906000; 2943
06906300; 7305
06906470; 0
06906800; 7305
06907000; 0
06908000; 7305
06910750; 3701
06911000; 1555
06911400; 3633
06912500; 7305
06913000; 7305
06913500; 7305
06914000; 3926
06914100; 3379
06915800; 7305
06916000; 0
06916500; 0
06916600; 7305
06917000; 7305
06917060; 3793
06917380; 6526
06917500; 778
06917560; 1918
06917680; 2099
06918060; 2649
06918065; 2924
06918070; 7118
06918440; 7305
06918460; 7305
06918740; 7305
06919000; 0
06919020; 7305
06919500; 7305
06919900; 7305
06920500; 0
06921000; 0
06921070; 7305
06921350; 7305
06921500; 0
06921590; 1310
06921720; 1312
06921760; 6368
06922000; 0
06922450; 4231
06923250; 3459
06923950; 5549
06924000; 0
06926000; 7305
06926500; 2100
06926510; 5314
06927000; 3014
06927240; 1072
06927800; 0
06928000; 3744
06928430; 3213
06928500; 0
06930000; 6157
06930060; 4047
06932000; 7305
06933500; 7305
06934000; 7305
06935500; 0
06AC001; 4853
06AD001; 2253
06AD010; 1527
06AF005; 2515
06AG001; 2253
06AG002; 7305
06BA002; 7305
06BB003; 3148
06BB004; 1461
06BB005; 7305
06BC001; 1461
06BD001; 7305
06CD002; 7305
06CE001; 1461
06DA002; 3744
06DA004; 7305
06DC001; 7305
06EA007; 1461
06FA001; 6755
06FB002; 7260
06FC001; 6850
06FD002; 6747
06GA001; 2192
06GB001; 1096
07010350; 1029
07013000; 7305
07014000; 1398
07014500; 7305
07016000; 0
07016500; 7305
07018000; 0
07018100; 7305
07018500; 7305
07019000; 7305
07021000; 4060
07023000; 0
07024500; 3379
07025000; 0
07025400; 3379
07025500; 0
07026000; 1
07026040; 5210
07026300; 0
07027010; 0
07027500; 157
07027720; 3608
07027800; 0
07028000; 0
07028100; 0
07028960; 4853
07029000; 0
07029100; 0
07029300; 0
07029400; 0
07029500; 7173
07030000; 0
07030050; 2802
07030240; 7305
07030280; 188
07030392; 5601
07030500; 3508
07031650; 7303
07031700; 0
07031740; 5613
07034000; 2465
07035800; 6575
07036100; 4383
07037500; 6940
07039500; 6940
07040100; 6529
07040450; 4148
07046600; 0
07047500; 0
07047882; 1874
07047902; 0
07047904; 1688
07047942; 7305
07047950; 4840
07048600; 6064
07049000; 4475
07050000; 0
07050500; 6597
07050700; 7305
07052250; 3379
07052345; 3228
07052500; 7305
07052820; 1338
07053500; 5016
07054080; 5881
07055000; 0
07055607; 1479
07055608; 2515
07056000; 7305
07056700; 3014
07057000; 0
07057370; 3031
07057500; 7305
07058000; 5571
07060500; 7305
07061000; 5113
07061500; 7305
07062500; 2366
07063000; 7305
07064000; 6545
07064533; 3427
07065495; 6491
07066000; 7305
07066500; 0
07067000; 7305
07068000; 7305
07068510; 1396
07068600; 0
07068890; 0
07069000; 3744
07069220; 1646
07069305; 3379
07069500; 4966
07070500; 0
07071500; 7305
07072000; 5309
07072500; 7305
07073000; 0
07074000; 2683
07074420; 4364
07074500; 7305
07074850; 2654
07075000; 1552
07075500; 0
07076517; 5153
07076620; 2100
07077380; 7305
07077950; 1010
07083700; 0
07083710; 1949
07086000; 6117
07087050; 2225
07087200; 1004
07091200; 4288
07091500; 0
07093700; 6117
07093775; 3608
07094500; 4421
07095000; 1734
07096000; 6940
07096250; 6393
07096500; 2465
07097000; 6117
07099100; 0
07099200; 0
07099400; 6117
07099500; 0
07099970; 7305
07104000; 7305
07104905; 2832
07105500; 7305
07105530; 7305
07105800; 7305
07106000; 7305
07106300; 7305
07106500; 7305
07108800; 0
07108900; 7305
07109500; 7305
07116000; 0
07116500; 7305
07117000; 1734
07119500; 7305
07119700; 6117
07121500; 7305
07123000; 6117
07123675; 1004
07124000; 7305
07124200; 7305
07124410; 7305
07124500; 0
07125000; 0
07126000; 0
07126300; 7305
07126470; 923
07126485; 6337
07126500; 1734
07128000; 0
07128500; 7305
07130500; 7305
07133000; 7305
07134100; 5636
07134180; 7305
07137500; 7305
07138000; 7305
07138070; 4383
07139000; 7305
07139500; 5903
07140000; 6848
07140900; 549
07141175; 5571
07141200; 7305
07141220; 4475
07141300; 7305
07141770; 5936
07141780; 7305
07141900; 7305
07142020; 5844
07142300; 7305
07142575; 7305
07142620; 2830
07142680; 4932
07143300; 7305
07143330; 7305
07143375; 7305
07143665; 7305
07143672; 5724
07144100; 6301
07144200; 7305
07144300; 7305
07144550; 7305
07144780; 7305
07144795; 7305
07144800; 0
07145200; 7305
07145500; 7305
07146500; 7305
07146830; 2830
07147070; 7305
07147800; 7305
07148350; 1004
07148400; 7305
07148450; 0
07149000; 7305
07150500; 1004
07151000; 7305
07151500; 7305
07152000; 7305
07153000; 7305
07154500; 7305
07155590; 7305
07156010; 0
07156100; 0
07156220; 2830
07157580; 0
07157940; 731
07157960; 1004
07158400; 0
07159000; 0
07159720; 0
07159750; 4199
07160500; 4383
07165750; 2830
07166000; 2830
07166500; 7305
07167000; 0
07168500; 0
07169500; 7305
07169800; 7305
07170000; 0
07170060; 4291
07170500; 7305
07170990; 3197
07171000; 7305
07171400; 639
07171600; 2830
07172000; 7305
07173000; 1004
07174000; 0
07174200; 0
07174400; 7305
07174500; 61
07174700; 0
07175500; 7305
07176000; 7305
07176500; 7305
07177000; 0
07177410; 1004
07177500; 7305
07178000; 7305
07178200; 7305
07178600; 0
07179500; 7305
07179730; 7305
07179750; 513
07179795; 7305
07180000; 0
07180200; 3195
07180400; 7305
07182000; 0
07182250; 7305
07182400; 0
07182510; 7305
07183000; 7305
07183200; 0
07183500; 7305
07184000; 7305
07185000; 7305
07185700; 1340
07185765; 3515
07186000; 7305
07186400; 273
07187000; 7305
07187600; 534
07188000; 7305
07188838; 2283
07188885; 3874
07189000; 7305
07190500; 7305
07191000; 7305
07191288; 3379
07191500; 7305
07192000; 0
07193500; 0
07195400; 3014
07195430; 5650
07195500; 7305
07196090; 573
07196500; 7305
07197000; 7305
07198000; 7305
07199000; 0
07203000; 7305
07203525; 1369
07207000; 7305
07211000; 5022
07211500; 7305
07214000; 0
07216500; 7305
07218000; 7305
07218100; 0
07220600; 0
07221000; 2100
07221500; 7305
07222500; 2100
07224500; 0
07226500; 7305
07227000; 7305
07227100; 7305
07227200; 0
07227500; 7305
07228000; 7305
07228400; 0
07228500; 7305
07229050; 2526
07229100; 0
07229200; 7305
07229300; 1004
07230000; 7305
07230500; 7305
07230597; 0
07230800; 0
07231000; 7305
07232000; 0
07232250; 4199
07232500; 1004
07232900; 7213
07233000; 0
07233210; 0
07233500; 4188
07233650; 6940
07234000; 7305
07236000; 0
07237000; 1007
07237500; 7305
07238000; 7305
07239000; 2099
07239300; 7305
07239450; 7305
07239500; 7305
07239700; 4110
07241000; 7305
07241500; 0
07241520; 7305
07241550; 7305
07241800; 3615
07242000; 7305
07242100; 0
07242380; 7305
07243500; 7305
07245000; 7305
07247000; 7305
07247015; 6849
07248500; 0
07249413; 6819
07250000; 684
07251500; 2563
07257000; 827
07257006; 5805
07257500; 4110
07258500; 4110
07259500; 0
07260500; 1916
07260673; 2636
07261500; 5683
07262500; 0
07263000; 0
07263012; 3014
07264000; 7305
07268000; 6666
07272500; 0
07274000; 7032
07275000; 0
07278500; 0
07280000; 0
07281000; 0
07281600; 5571
07283000; 7305
07285000; 0
07285400; 2577
07285500; 7305
07288280; 6666
07288500; 3014
07288650; 4840
07288955; 4841
07289500; 0
07289730; 5571
07290000; 7305
07290500; 0
07290650; 6869
07292500; 6666
07296100; 0
07297910; 7305
07298200; 0
07298500; 2815
07299200; 0
07299540; 7305
07299570; 0
07299670; 7305
07300000; 7305
07300500; 7305
07301110; 7305
07301200; 0
07301410; 7305
07301420; 7305
07301481; 0
07301500; 7305
07303000; 7305
07303400; 5936
07303500; 0
07304500; 1004
07305000; 7305
07307028; 6940
07307600; 0
07307800; 7305
07308200; 6861
07308500; 7305
07311000; 7305
07311500; 7305
07311622; 0
07311700; 7305
07311780; 0
07311790; 0
07311800; 5969
07311900; 5205
07312100; 7305
07312130; 2313
07312200; 7305
07312500; 7305
07312700; 7305
07313500; 1004
07314500; 5206
07315400; 0
07315500; 7305
07315700; 7305
07315900; 0
07316500; 7305
07324200; 7305
07324400; 7305
07324500; 0
07325000; 7305
07325500; 5752
07326000; 7305
07326500; 7305
07327000; 0
07327490; 0
07327500; 0
07327550; 6909
07328100; 7305
07328500; 7305
07329500; 0
07329700; 1734
07330500; 644
07331000; 7305
07332400; 0
07332500; 7305
07332620; 1538
07332622; 572
07334000; 7305
07335000; 2101
07335300; 7305
07335790; 7305
07336200; 7305
07336500; 0
07337500; 0
07337900; 7305
07338500; 7305
07338750; 7032
07339000; 7305
07340000; 7305
07340500; 0
07341200; 7305
07341301; 0
07342500; 3082
07343000; 3824
07343200; 3209
07343450; 821
07343500; 3311
07344000; 0
07344210; 0
07344493; 2177
07344500; 97
07346000; 2620
07346045; 2578
07346050; 3232
07346070; 2980
07347500; 0
07348000; 1734
07348700; 7305
07349000; 465
07349430; 0
07349500; 639
07350000; 0
07350020; 0
07351600; 0
07351750; 6574
07353000; 0
07356000; 7305
07357501; 0
07359001; 4239
07359002; 7023
07359800; 0
07359910; 0
07360000; 0
07360501; 0
07361000; 0
07361600; 0
07362000; 6939
07362100; 7305
07362500; 3379
07363000; 3744
07363200; 3734
07363400; 3379
07363500; 6940
07364100; 3708
07364300; 0
07364890; 0
07365000; 0
07366000; 0
07367000; 0
07367005; 1188
07367630; 0
07369680; 7305
07369700; 0
07370500; 0
07371500; 2147
07372000; 0
07372050; 3329
07372200; 5532
07375500; 7305
07376000; 7305
07377000; 7305
07378000; 7305
07378500; 7305
07380120; 5765
07382000; 6562
07382500; 5784
07383500; 7305
07384000; 0
07AA004; 2557
07AA009; 804
07AC007; 4963
07AE001; 4954
07AF013; 4940
07AF015; 4938
07AG001; 0
07AG003; 7305
07AG004; 4964
07AH002; 4969
07BB003; 0
07BB005; 4959
07BC006; 4908
07BF009; 4993
07BK001; 7304
07BK006; 0
07CD004; 4835
07CD006; 1461
07DA001; 7305
07DA008; 4939
07EA001; 0
07EA002; 2922
07EA004; 7305
07EA005; 7305
07EA007; 6501
07EB002; 7305
07EC002; 7305
07EC003; 7305
07EC004; 7305
07ED001; 1826
07ED003; 7305
07EE007; 7142
07EE009; 7305
07EE010; 7305
07FA001; 0
07FA005; 6574
07FA006; 7305
07FB001; 7305
07FB002; 7305
07FB003; 7305
07FB006; 7305
07FB008; 7305
07FB009; 7194
07FC001; 7221
07FC003; 6945
07FD001; 7305
07FD006; 4973
07FD007; 6574
07FD011; 4949
07GC002; 4488
07GD001; 4979
07GD002; 4491
07GE001; 7305
07GG001; 7305
07GG003; 4947
07GH002; 7305
07GJ001; 7305
07JA003; 4917
07JD002; 7305
07JF002; 4944
07LB002; 7305
07LD002; 1461
07MA003; 7305
07MB001; 7305
08012000; 7305
08012150; 6334
08013000; 7305
08013500; 7305
08014500; 7305
08015000; 0
08015500; 7305
08017410; 5554
08017500; 0
08018500; 5523
08019000; 5471
08019200; 4787
08019500; 2185
08020000; 5513
08020450; 2815
08020900; 5530
08022040; 3471
08022500; 0
08024400; 0
08026000; 7305
08028000; 7305
08028500; 7305
08031200; 0
08032000; 7305
08032500; 0
08033000; 1
08033500; 7305
08034500; 3419
08036500; 7305
08037000; 0
08038000; 0
08038500; 0
08039500; 0
08040600; 7305
08041000; 7305
08041500; 7305
08041700; 7305
08041749; 2651
08041780; 2383
08042800; 3352
08043950; 3258
08044000; 4017
08044500; 3345
08046000; 0
08047000; 2608
08047500; 5112
08048000; 3373
08048543; 3356
08049500; 7111
08050100; 3342
08050500; 0
08051000; 0
08051130; 870
08051500; 3359
08053000; 2479
08053500; 2227
08054000; 0
08055000; 2661
08055500; 3361
08057000; 3351
08057410; 6028
08061000; 0
08061750; 2620
08062000; 5480
08062500; 2967
08062650; 0
08062700; 3311
08062895; 663
08062900; 0
08063000; 0
08063020; 0
08063100; 2564
08063500; 0
08064100; 3900
08064500; 0
08064800; 0
08065000; 7305
08065350; 7305
08065500; 0
08065800; 7305
08066000; 0
08066100; 0
08066191; 1369
08066250; 5485
08066500; 7305
08067000; 2275
08067610; 0
08067650; 3301
08068000; 7305
08068090; 7305
08068500; 7305
08068800; 4018
08069000; 7305
08070000; 7305
08070200; 5403
08071280; 7278
08073500; 7305
08073600; 7305
08073700; 7305
08074000; 1684
08079575; 1004
08079600; 7305
08080500; 4805
08080700; 3005
08080950; 0
08081000; 0
08081200; 0
08082000; 3461
08082180; 0
08082500; 7305
08083230; 3326
08083240; 0
08083245; 0
08084000; 7305
08084800; 7305
08085500; 7305
08086050; 3002
08086100; 0
08086212; 7305
08086290; 7305
08086500; 0
08087300; 0
08088000; 7305
08088600; 1734
08088610; 2966
08089000; 4823
08090500; 0
08090800; 4018
08091000; 2613
08091500; 3365
08092000; 1918
08093100; 7248
08093360; 3373
08093500; 3798
08095000; 1143
08095200; 4821
08095600; 0
08096500; 1184
08098290; 2963
08099100; 1020
08099300; 4186
08099500; 1533
08100000; 1179
08100500; 1181
08101000; 1067
08102500; 1179
08103800; 7305
08104000; 0
08104100; 4274
08104500; 1153
08104700; 3256
08105000; 0
08105300; 0
08105400; 0
08105700; 1169
08106300; 0
08106310; 664
08106350; 4252
08106500; 3711
08108250; 52
08108700; 1502
08109000; 1004
08109700; 1156
08109800; 7305
08110000; 819
08110100; 1146
08110200; 0
08110325; 1139
08110400; 0
08110500; 1166
08110800; 5023
08111000; 1481
08111010; 0
08111700; 3874
08117500; 822
08119500; 0
08120500; 3387
08120700; 4297
08121000; 4808
08121500; 0
08123500; 0
08123650; 0
08123800; 7305
08123850; 7305
08123900; 0
08124000; 7305
08126380; 7305
08126500; 0
08127000; 7305
08128000; 5266
08128500; 0
08129300; 1734
08130500; 2098
08130700; 3130
08131000; 0
08133250; 3902
08133500; 8
08134000; 7305
08134250; 3974
08135000; 0
08136000; 7305
08136500; 7305
08136700; 5136
08138000; 5844
08140700; 0
08140800; 0
08143500; 0
08143600; 7305
08144500; 1089
08144600; 5844
08145000; 3537
08148500; 3438
08150000; 5701
08150700; 5700
08150800; 7305
08151500; 1082
08152000; 4381
08152900; 4077
08153500; 5063
08159000; 3269
08164000; 7305
08164300; 7305
08164350; 1461
08164390; 4855
08164450; 2607
08164500; 12
08165500; 7285
08166140; 4165
08166200; 5146
08167000; 7305
08167500; 3290
08167800; 2941
08168500; 4494
08169500; 227
08169792; 2106
08171000; 7305
08171300; 3307
08172000; 7305
08173000; 3361
08173900; 5205
08174600; 3362
08175000; 7305
08175800; 3301
08176500; 7305
08176900; 7305
08176990; 1331
08177000; 0
08177500; 4858
08178880; 7305
08179000; 0
08180500; 2265
08180640; 3561
08180700; 4902
08180720; 1969
08180800; 2423
08181480; 7305
08181500; 2248
08181800; 7305
08183500; 7305
08184000; 0
08185000; 3258
08185500; 1825
08186000; 7032
08186500; 3014
08188500; 7305
08188800; 3504
08189300; 3272
08189500; 7305
08189700; 7305
08190000; 7305
08190500; 5108
08192000; 7305
08193000; 4517
08194000; 7305
08194200; 7305
08194500; 7262
08194600; 0
08195000; 7305
08197500; 3255
08198000; 7304
08198500; 7305
08205500; 7305
08206600; 7305
08206700; 7238
08206910; 2794
08207000; 0
08207500; 3005
08208000; 7032
08210000; 7305
08211000; 7305
08211500; 7228
08211800; 0
08211900; 4170
08212400; 3825
08217500; 3464
08219500; 5021
08220000; 7305
08221500; 0
08223000; 1734
08227000; 6117
08240000; 2830
08243500; 0
08246500; 7305
08248500; 0
08249000; 7305
08250000; 3287
08250500; 0
08251500; 7305
08255500; 7305
08260500; 0
08261000; 3676
08263500; 6940
08268700; 2932
08275300; 0
08276000; 0
08276300; 7305
08276500; 7305
08279000; 7305
08279500; 7305
08281100; 0
08283500; 0
08284100; 7305
08285500; 7305
08286500; 7305
08287000; 7305
08287500; 0
08289000; 7305
08290000; 7305
08313000; 7305
08314500; 0
08317200; 5478
08317400; 6940
08317850; 0
08317950; 7305
08318000; 0
08319000; 7305
08323000; 2100
08324000; 7305
08328950; 457
08329000; 6848
08329500; 0
08329928; 4497
08330000; 7305
08332000; 0
08332010; 5314
08334000; 7305
08340500; 1918
08341500; 3706
08342000; 0
08343000; 6210
08353000; 7305
08354000; 0
08354900; 7305
08355000; 0
08355500; 0
08358400; 7305
08358500; 0
08358550; 0
08359500; 0
08360000; 0
08361000; 7305
08362500; 7305
08376300; 1553
08379500; 7305
08382000; 1190
08382500; 7305
08382600; 7304
08382650; 7305
08382800; 0
08382830; 7305
08383000; 639
08383500; 7305
08384500; 7305
08385520; 0
08386000; 7305
08388000; 0
08389500; 0
08390100; 0
08390500; 7305
08390800; 7305
08394100; 0
08394500; 0
08396000; 0
08397600; 3969
08397620; 3969
08398500; 7209
08401200; 6554
08401500; 7305
08401900; 7305
08402000; 7305
08404000; 7305
08405105; 3254
08405150; 7305
08405200; 7305
08405500; 7305
08406000; 3964
08408500; 7305
08411500; 0
08431800; 0
08433000; 2938
08435800; 0
08447020; 2991
08447300; 1207
08449000; 0
08477500; 0
08477530; 0
08478400; 0
08BB001; 0
08CB001; 1461
08CC001; 1826
08CD001; 7305
08CE001; 7305
08CF001; 1461
08CG003; 1826
08CG004; 1461
08CG005; 1461
08CG006; 1096
08DB001; 7305
08DD001; 1826
08EB003; 0
08EB004; 7305
08EB005; 2648
08EC001; 0
08EC013; 7305
08ED001; 7305
08ED002; 7305
08EE004; 7305
08EE013; 7305
08EE020; 7305
08EF001; 7305
08EF005; 7305
08EG011; 1461
08EG012; 7305
08FB006; 7207
08FB007; 6940
08FC003; 7305
08FE003; 7305
08FF001; 7305
08FF002; 7305
08GA071; 7305
08GD004; 7305
08GD007; 1461
08GD008; 7305
08GE002; 7305
08HA001; 7305
08HA010; 6340
08HB002; 7305
08HD011; 7305
08HF005; 7305
08JB002; 7175
08JB003; 7305
08JE001; 7305
08KA001; 7305
08KA004; 7305
08KA005; 7305
08KA007; 7305
08KA008; 1826
08KB001; 7305
08KB003; 7305
08KC001; 5862
08KC003; 2922
08KD001; 1826
08KD003; 0
08KD004; 0
08KD006; 6451
08KD007; 7015
08KE009; 2922
08KE016; 7212
08KF001; 1826
08KG001; 7305
08KG003; 1826
08KH001; 7305
08KH003; 1461
08KH006; 7305
08KH010; 7305
08KH019; 7131
08LA001; 7305
08LA004; 0
08LA007; 1461
08LA008; 0
08LA013; 0
08LB020; 7305
08LB047; 7305
08LB064; 7305
08LB069; 7305
08LD001; 6795
08LE024; 7305
08LE027; 7305
08LE031; 7305
08LF051; 7305
08LG008; 6422
08LG048; 7305
08MA001; 7305
08MA002; 7305
08MB005; 7305
08MB006; 7305
08ME025; 7305
08MF003; 0
08MF065; 7110
08MG001; 7053
08MG005; 6939
08MG008; 0
08MG013; 7204
08NA002; 7305
08NA006; 7305
08NA045; 1826
08NB005; 7305
08NB012; 6701
08NB014; 7305
08NB019; 7305
08NC004; 6593
08ND009; 0
08ND012; 7305
08ND013; 7305
08NE001; 1826
08NE006; 7305
08NE039; 7305
08NF002; 1461
08NF006; 1461
08NG012; 1461
08NG046; 1461
08NG051; 0
08NG053; 1826
08NG065; 7305
08NG078; 1461
08NH005; 7305
08NH007; 5078
08NH034; 0
08NH119; 7305
08NH130; 7305
08NJ013; 7305
08NK002; 7305
08NK012; 0
08NK016; 7305
08NK018; 7305
08NK020; 1617
08NL024; 7305
08NL050; 7305
08NN002; 7305
08NN022; 1826
08NP001; 4199
08OA002; 7305
09019000; 0
09019500; 3245
09033300; 3001
09034000; 0
09034250; 7305
09034500; 1369
09038500; 7305
09041400; 5635
09041500; 1734
09050700; 7305
09053500; 0
09057500; 7305
09058000; 7305
09058030; 0
09060770; 2465
09067005; 3195
09067020; 4110
09070000; 7305
09070500; 7305
09072500; 0
09080200; 0
09080400; 7305
09081000; 4678
09082500; 0
09083800; 3334
09085000; 7305
09085100; 7305
09087600; 0
09093500; 0
09093700; 2465
09095000; 0
09095500; 7305
09097900; 2397
09105000; 7305
09106150; 7305
09109000; 7305
09110000; 7305
09112200; 6301
09112500; 7305
09114500; 7305
09117000; 0
09118450; 7305
09119000; 7305
09122000; 0
09124500; 7305
09124700; 0
09126500; 0
09127000; 0
09128000; 7305
09131500; 0
09132500; 7305
09134100; 3710
09135950; 2172
09136100; 625
09136200; 0
09144200; 0
09144250; 7305
09147025; 7305
09147500; 7305
09149500; 7305
09150500; 0
09151500; 0
09152500; 7305
09163310; 0
09163490; 0
09163500; 7305
09166500; 7305
09168730; 2277
09169500; 7305
09171100; 7305
09172500; 7302
09174000; 0
09174600; 5755
09175500; 0
09177000; 6606
09180000; 6939
09180500; 7305
09185500; 0
09187500; 0
09188500; 6940
09201000; 0
09205000; 7305
09209400; 7305
09209500; 0
09211200; 7305
09213500; 3660
09215550; 3195
09216000; 0
09216050; 5754
09216545; 0
09216750; 0
09219000; 0
09222000; 0
09222400; 0
09223500; 0
09224700; 7305
09225000; 0
09229500; 4536
09235300; 0
09237450; 7305
09237500; 7305
09239500; 7305
09240020; 314
09241000; 1344
09242500; 6943
09244400; 0
09244410; 0
09246400; 4719
09246500; 904
09249750; 3926
09251000; 7305
09251100; 2689
09253000; 6754
09255500; 0
09256000; 639
09257000; 1282
09259700; 0
09260000; 7305
09260050; 6574
09261000; 7284
09263500; 0
09271000; 0
09271500; 0
09271550; 4102
09277000; 0
09277500; 7305
09277501; 0
09279100; 1369
09279150; 4656
09279500; 0
09279501; 0
09285000; 1369
09285700; 0
09285900; 3270
09288100; 0
09288180; 7305
09288400; 1372
09288500; 0
09293500; 0
09293600; 0
09294000; 0
09294500; 0
09295000; 7305
09297700; 0
09297800; 0
09297900; 0
09300500; 0
09301200; 0
09301500; 4665
09302000; 7305
09302800; 0
09303000; 3926
09304115; 2549
09304200; 7305
09304500; 7305
09304600; 0
09304800; 7305
09306061; 0
09306200; 6997
09306222; 7305
09306224; 1188
09306255; 7305
09306290; 7305
09306300; 0
09306380; 571
09306395; 0
09306430; 0
09306500; 7305
09306800; 0
09306850; 0
09306878; 0
09306900; 0
09307000; 0
09307300; 0
09307500; 0
09307900; 0
09308000; 0
09309000; 0
09313000; 4656
09314000; 0
09314250; 0
09314500; 4478
09315000; 7305
09324500; 0
09325000; 0
09325100; 0
09327500; 0
09327550; 0
09328000; 0
09328100; 0
09328500; 7305
09329500; 0
09330000; 7305
09332100; 730
09332500; 0
09332700; 0
09333500; 4546
09334500; 0
09337500; 7305
09339500; 0
09342500; 7305
09346400; 7305
09349500; 0
09349800; 7305
09353500; 0
09353800; 4110
09354500; 7305
09355500; 7305
09356500; 0
09357000; 0
09359500; 1160
09361500; 7305
09362520; 1012
09363200; 0
09363500; 7305
09364010; 2937
09364500; 7305
09365000; 7305
09366500; 7305
09367000; 2937
09367500; 6689
09367680; 0
09367950; 1380
09368000; 7305
09371000; 7305
09371010; 7305
09371500; 1004
09371520; 6362
09371700; 0
09372000; 7305
09378600; 1016
09378700; 0
09379000; 0
09379200; 7305
09379500; 7305
09381500; 1759
09381800; 2887
09382000; 7123
09384000; 7305
09385500; 0
09385700; 3088
09386030; 7305
09386500; 0
09386950; 7305
09387300; 1369
09388000; 0
09394500; 7305
09395350; 639
09395500; 0
09395900; 0
09396100; 60
09397000; 2593
09397300; 523
09397500; 5571
09398500; 347
09399000; 437
09399400; 1655
09400000; 114
09400350; 3306
09400562; 5638
09400568; 6099
09401000; 1611
09401110; 6415
09401260; 7305
09401400; 0
09401500; 0
09402000; 7305
09403600; 7305
09403780; 0
09404110; 5601
09404208; 6443
09404343; 6301
09404900; 7032
09405500; 7305
09405501; 273
09406000; 7305
09406100; 1918
09407000; 273
09407200; 0
09408135; 3004
09408150; 7305
09409880; 7305
09410000; 0
09410100; 3928
09410400; 0
09413000; 7305
09413200; 7305
09413500; 7032
09413700; 4210
09414900; 6056
09415000; 7305
09415190; 1187
09415230; 0
09415550; 3486
09415850; 1004
09416000; 7305
09417500; 2121
09418500; 7203
09418700; 2763
09419000; 7305
09419507; 3787
09419515; 1004
094196783; 5178
09419700; 3744
09419753; 4675
09419756; 7032
09419790; 4018
09419800; 3106
09424447; 2101
09424900; 7305
09425500; 0
09430500; 7305
09431500; 7305
09432000; 7305
09442000; 5571
09442680; 7305
09443000; 0
09444000; 7305
09444200; 4475
09444500; 7305
09446500; 0
09447000; 7305
09447800; 7305
09448500; 7305
09457000; 0
09458500; 0
09466300; 0
09466500; 7305
09467100; 0
09468500; 7305
09469500; 7305
09470000; 1853
09470500; 5704
09471000; 7305
09471550; 5216
09471800; 1918
09472000; 1503
09472050; 4547
09473000; 6574
09473500; 0
09474000; 7305
09477570; 2557
09479350; 5706
09479500; 1630
09481500; 0
09481740; 5567
09481770; 2192
09482000; 7032
09482500; 5583
09484500; 7305
09484560; 0
09484600; 7305
09485450; 4185
09485700; 7298
09485850; 0
09486055; 5628
09486300; 0
09486350; 5580
09486500; 7305
09486520; 7305
09486800; 6814
09487000; 6800
09488500; 0
09489000; 7305
09489100; 0
09489499; 0
09489500; 7305
09490500; 7305
09494000; 7305
09494300; 0
09496000; 731
09496500; 7305
09497500; 7305
09497800; 6940
09497850; 0
09497980; 7305
09498400; 7305
09498800; 0
09499000; 7305
09502000; 7305
09502800; 3438
09503700; 7305
09504000; 7305
09504420; 7305
09504430; 1734
09504500; 7305
09505550; 0
09505800; 7305
09506000; 7305
09507980; 6940
09508500; 7230
09510000; 7305
09511300; 6848
09512165; 6234
09512400; 273
09512406; 2557
09512495; 0
09512500; 7305
09512501; 0
09512800; 7305
09513650; 2867
09513910; 2954
09513970; 0
09514100; 6666
09514300; 639
09515500; 0
09516500; 6669
09517000; 7305
09517500; 0
09518000; 7305
09518500; 6940
09519500; 845
09519800; 7305
09520170; 0
09520280; 6301
09520360; 771
09520500; 7305
09520700; 0
09537500; 2984
09AA014; 1096
10014000; 0
10016900; 5392
10020100; 7305
10020300; 7305
10020500; 0
10026500; 1380
10027000; 0
10028500; 3719
10038000; 7059
10039500; 6820
10044000; 0
10068500; 7305
10075000; 5752
10079500; 5752
10080000; 5752
10086500; 5734
10090500; 0
10092700; 7305
10102200; 807
10102250; 1734
10106000; 0
10107500; 0
10109000; 7305
10109001; 7305
10113500; 6028
10115200; 0
10118000; 5752
10125500; 0
10125600; 0
10125800; 0
10126000; 7305
10129300; 0
10129500; 7305
10130500; 7305
10131000; 7305
10132000; 7305
10133500; 0
10136000; 0
10136500; 7305
10137000; 0
10140000; 0
10140100; 7305
10141000; 7305
10146400; 7305
10146500; 0
10148500; 0
10150500; 7305
10152000; 0
10155000; 7305
10155200; 3402
10155300; 3496
10159500; 4656
10163000; 7305
10174500; 7305
10180000; 1734
10183500; 7305
10184450; 0
10187500; 0
10189000; 7305
10191500; 4656
10194000; 1734
10205000; 4656
10206000; 1734
10216210; 0
10217000; 7305
10219000; 7305
10224000; 7305
10237000; 4782
10239000; 4656
10251220; 0
10251250; 2465
10251255; 2465
10251258; 2465
10261100; 2465
10277400; 0
10277500; 0
10293000; 7305
10293050; 0
10296500; 7305
10297500; 7305
10300000; 6668
10308200; 7305
10309000; 7305
10309100; 1675
10310407; 3379
10311000; 7305
10311400; 7305
10311700; 4293
10312000; 7305
10312150; 7305
10315500; 7305
10317500; 3136
10318500; 7305
10321000; 7305
10321590; 6821
10321940; 5093
10321950; 7305
10322000; 6822
10322500; 7305
10323000; 0
10324500; 7305
10328450; 0
10328475; 0
10328500; 0
10329000; 7305
10337500; 7305
10338000; 6300
10339419; 1826
10346000; 7305
10347460; 6159
10348000; 7305
10348200; 7305
10350000; 7305
10350340; 5058
10350400; 2247
10351600; 7305
10351650; 6331
10351700; 7305
10352500; 7305
10359300; 0
10366000; 290
10371500; 290
10384000; 273
10393500; 367
10396000; 7305
10401500; 0
10402000; 0
10403000; 0
10AC002; 1096
10AC003; 0
10AC004; 1826
10BA001; 1096
10BB001; 1461
10BB002; 1461
10BE004; 7305
10BE007; 7305
10CB001; 7305
10CC002; 4556
10CD001; 7305
10CD004; 7246
11012000; 6117
11013000; 0
11022480; 7305
11022500; 0
11023000; 7305
11029000; 0
11030500; 0
11039800; 735
11040000; 0
11041000; 0
11042000; 6816
11043000; 7305
11044000; 7305
11044300; 7305
11044500; 0
11046000; 6357
11051499; 5936
11051500; 7305
11056000; 0
11056200; 0
11065801; 0
11066440; 0
11066460; 7305
11066500; 0
11067500; 0
11067890; 0
11068000; 0
11070150; 3652
11070210; 3783
11070365; 3781
11070375; 0
11070500; 7305
11083500; 0
11085000; 7305
11087500; 0
11088000; 0
11097500; 0
11098500; 0
11103000; 639
11106550; 5205
11108000; 1324
11108500; 2121
11109000; 5205
11109375; 4748
11109525; 6574
11109550; 1080
11110000; 0
11113000; 7046
11113001; 745
11114000; 4292
11123000; 7305
11123500; 7305
11126000; 3596
11128000; 0
11128500; 6428
11129500; 0
11130500; 0
11131000; 0
11131500; 0
11132000; 0
11133000; 7305
11133500; 804
11134000; 4475
11134500; 0
11135000; 0
11135500; 0
11136800; 7305
11137000; 0
11138100; 0
11138500; 4352
11140000; 7305
11140585; 1644
11141000; 0
11143250; 7305
11147500; 7305
11147800; 0
11149400; 7305
11149500; 0
11149700; 0
11149900; 7305
11150000; 0
11151300; 7305
11151700; 7305
11152000; 7305
11152050; 5936
11152300; 7305
11152500; 7305
11153700; 0
11156500; 7305
11157500; 5205
11158500; 0
11158600; 7305
11159000; 7305
11170000; 0
11171500; 0
11172175; 4383
11176900; 7305
11177000; 4746
11179000; 7305
11180700; 7305
11185350; 0
11186000; 7305
11186001; 7305
11187000; 1017
11189500; 6539
11191000; 103
11192500; 6939
11192501; 7305
11193000; 0
11194000; 0
11197800; 0
11203200; 0
11203500; 0
11204900; 0
11205000; 0
11209900; 0
11210500; 0
11210950; 0
11212500; 0
11213000; 0
11213500; 0
11216200; 7305
11216500; 7305
11218400; 7305
11218500; 1017
11221500; 0
11226500; 273
11234750; 5114
11234760; 7305
11235000; 0
11238600; 6301
11242000; 7305
11246700; 7305
11247000; 0
11251000; 7305
11253000; 0
11255500; 0
11255575; 2790
11258000; 0
11261500; 3379
11266500; 7305
11268000; 0
11268200; 0
11268500; 0
11270000; 0
11270900; 7305
11271290; 2486
11272500; 4655
11274790; 1542
11276500; 7305
11276600; 6940
11276900; 7305
11278300; 6940
11278400; 7305
11288000; 0
11289650; 7305
11289651; 7305
11289660; 1986
11290000; 7305
11292615; 1186
11292700; 7305
11292900; 7305
11293000; 0
11293200; 4128
11295300; 7305
11295400; 1375
11295401; 1369
11299500; 0
11302000; 7305
11303000; 7305
11303500; 7305
11308900; 0
11309500; 0
11316600; 3926
11316670; 5148
11316700; 5262
11319500; 7305
11321000; 0
11323500; 7305
11325500; 6584
11329500; 690
11333500; 0
11334500; 0
11335000; 7305
11336000; 0
11339500; 0
11342000; 7305
11345500; 7305
11348200; 0
11348500; 7305
11349000; 0
11352500; 0
11367500; 7305
11367760; 6662
11367800; 7305
11368000; 6939
11370500; 7305
11372000; 7304
11374000; 7305
11374400; 0
11375810; 0
11375820; 0
11375870; 0
11376000; 7305
11376500; 0
11376550; 7195
11377100; 7305
11378000; 0
11382000; 2100
11383500; 7305
11387000; 0
11388000; 0
11388500; 0
11389000; 1642
11389500; 7305
11390500; 7305
11391000; 0
11392100; 0
11392500; 0
11393500; 0
11394500; 0
11397500; 0
11399500; 7305
11401112; 7305
11413000; 7305
11413100; 0
11413500; 0
11413517; 2504
11413520; 5022
11417000; 0
11417500; 7305
11418000; 6940
11421000; 7305
11421500; 0
11424000; 7305
11427000; 7305
11431000; 0
11433200; 0
11433300; 7305
11433500; 0
11433800; 0
11434000; 0
11443000; 0
11443500; 7305
11443501; 0
11444500; 7305
11445500; 1734
11446500; 7305
11447000; 0
11451000; 7305
11451500; 0
11451760; 0
11452000; 0
11452500; 7305
11454000; 7305
11455000; 0
11458000; 7305
11462500; 7305
11463000; 7305
11463980; 4178
11464000; 7305
11465350; 4952
11466800; 1713
11467000; 7305
11468000; 7305
11469000; 7305
11470500; 7305
11471500; 7305
11472150; 1461
11472500; 0
11472800; 1461
11473000; 0
11473900; 7305
11474500; 1461
11475000; 7305
11475800; 5173
11476500; 7305
11477000; 7305
11478500; 7305
11480750; 0
11481000; 7305
11482500; 7305
11491400; 273
11493500; 6209
11497500; 273
11499100; 273
11501000; 7305
11502500; 7305
11507500; 7305
11517000; 3379
11517500; 7305
11519500; 7305
11522300; 0
11522400; 0
11522500; 7305
11525500; 7305
11525655; 3287
11525854; 3014
11526250; 3014
11527000; 7305
11528100; 0
11528200; 0
11528500; 0
11528700; 7305
11529000; 0
11530000; 7305
11532000; 0
11532500; 7305
11AC025; 5267
11AE007; 0
11AE009; 7185
12017000; 1947
12027500; 7305
12031000; 7305
12035000; 7305
12035002; 2192
12039500; 7305
12040500; 7305
12041000; 0
12041200; 7305
12044900; 4037
12045500; 7305
12061500; 7239
12086500; 7305
12088400; 0
12088500; 0
12089500; 7305
12096500; 1280
12097000; 0
12097850; 2686
12098500; 4656
12099200; 2724
12100000; 4290
12100490; 457
12100496; 5752
12100500; 0
12101500; 7305
12105900; 7305
12106500; 0
12106700; 7305
12113000; 7305
12113350; 0
12126500; 0
12133000; 0
12134500; 7305
12144500; 7305
12149000; 7305
12150800; 7305
12162500; 0
12167000; 7305
12173500; 0
12188400; 0
12189500; 7305
12193400; 7305
12193500; 6695
12194000; 7305
12199000; 0
12200500; 7305
12207200; 0
12210500; 5387
12210700; 2101
12211500; 0
12213100; 7295
12301300; 7305
12301999; 0
12302000; 0
12302055; 7305
12303500; 1900
12323600; 7246
12324200; 7305
12324400; 671
12324590; 7154
12324680; 7305
12329500; 7154
12331500; 6485
12331600; 0
12331800; 6484
12331900; 1096
12334510; 7305
12334550; 7305
12335100; 3990
12338300; 4840
12338500; 0
12339450; 639
12339800; 0
12340000; 7305
12340500; 7305
12342500; 7305
12343400; 1461
12343500; 0
12344000; 7305
12350250; 2752
12351200; 3014
12352000; 0
12352500; 7305
12353000; 7305
12353300; 0
12354000; 3256
12354500; 7305
12357000; 0
12358500; 7305
12359000; 0
12359800; 4845
12362500; 7305
12363000; 7305
12365000; 5506
12367500; 0
12370000; 7305
12372000; 7305
12388200; 7213
12388700; 7305
12389000; 7305
12389500; 7305
12391000; 0
12391400; 7305
12391950; 5571
12392000; 7305
12392390; 1004
12394000; 5752
12395000; 7305
12395500; 7305
12396500; 7305
12398500; 0
12398600; 6939
12408000; 0
12409000; 7305
12411000; 7305
12413000; 7305
12413250; 0
12413300; 0
12413470; 7305
12413500; 7305
12413860; 2497
12414500; 7305
12414900; 7305
12415000; 0
12415140; 2040
12419000; 7305
12421500; 92
12422500; 7305
12424000; 7305
12433000; 7305
12434500; 0
12434590; 1563
12442300; 0
12447383; 6830
12448000; 7032
12448500; 7305
12448998; 7305
12449500; 7206
12449950; 7305
12451000; 7305
12452500; 7305
12452800; 7305
12452990; 5405
12453000; 0
12455000; 0
12457000; 7305
12459000; 7305
12462500; 7305
12465000; 7305
12465400; 4290
12465500; 0
12467000; 7305
12471400; 2161
12471500; 0
12472500; 0
12472600; 7213
12479000; 0
12479500; 0
12484500; 7305
12492500; 0
12494000; 0
12500450; 7305
12505000; 0
12508990; 6939
12510500; 7295
12513000; 7183
12513500; 0
13010065; 7305
13011000; 7305
13011900; 7305
13012000; 0
13013650; 5684
13014500; 778
13015000; 3756
13018750; 7305
13019500; 0
13022500; 7305
13023000; 7305
13026500; 0
13027500; 7305
13028500; 0
13032500; 7305
13037500; 7305
13038500; 7305
13041010; 3563
13042500; 7305
13046000; 7305
13046995; 6255
13047500; 7305
13047600; 6255
13049500; 7305
13050500; 7305
13052200; 7305
13054000; 0
13055000; 7305
13055340; 7305
13056500; 7305
13057000; 3836
13057940; 7305
13058000; 7305
13062500; 7305
13063000; 2620
13066000; 7305
13069500; 7305
13072000; 0
13073000; 7305
13075000; 7305
13075500; 7305
13075910; 4993
13076200; 1386
13077000; 7305
13077650; 0
13078000; 7305
13078205; 0
13081500; 7305
13082500; 7305
13090000; 7305
13090500; 535
13092747; 6666
13093000; 0
13093095; 0
13094000; 7305
13096000; 0
13105000; 7305
13108000; 0
13108150; 7305
13108500; 0
13108900; 365
13112000; 7305
13113500; 0
13116500; 7305
13117000; 0
13117020; 90
13117030; 0
13119000; 0
13120500; 7305
13127000; 7305
13132500; 7305
13135000; 7305
13139000; 0
13139500; 5752
13140800; 5218
13141000; 2100
13141500; 7305
13142500; 7305
13147900; 7305
13148000; 0
13148500; 7305
13152500; 7305
13153500; 7305
13154400; 974
13161500; 7305
13167000; 0
13168500; 7305
13169500; 4993
13171620; 7305
13172500; 7305
13174500; 7305
13175100; 6611
13176000; 0
13177200; 0
13177800; 0
13181000; 7305
13183000; 7305
13184000; 0
13184500; 0
13185000; 7305
13186000; 7305
13190500; 7305
13194500; 0
13200000; 7305
13201000; 0
13202000; 7305
13205500; 0
13206000; 7305
13210050; 2114
13212500; 0
13213000; 5479
13213100; 7305
13214000; 1369
13215000; 7305
13216500; 1369
13217500; 7305
13220000; 0
13226500; 0
13227000; 0
13235000; 7305
13237500; 0
13237920; 4110
13238000; 0
13245000; 7305
13246000; 7305
13247500; 7305
13249500; 7305
13250000; 6089
13251000; 7305
13258500; 7305
13264500; 0
13265500; 3515
13266000; 7305
13269000; 7305
13273000; 2465
13274200; 0
13275000; 0
13275500; 0
13277000; 2465
13285500; 2465
13286700; 2008
13289500; 0
13290000; 0
13290190; 2031
13290200; 0
13292000; 7305
13295500; 0
13296500; 4197
13298000; 0
13298500; 0
13302000; 0
13302500; 7305
13305000; 7305
13305310; 6466
13306500; 0
13307000; 3014
13309220; 4324
13310000; 0
13310199; 6301
13310700; 7305
13313000; 7305
13314300; 3652
13315000; 0
13316500; 7305
13317000; 7305
13318500; 0
13318800; 0
13319000; 0
13323500; 0
13329770; 5172
13331450; 5525
13331500; 7305
13332500; 273
13333000; 7305
13335050; 7225
13335690; 3754
13335700; 3754
13336100; 0
13336500; 7305
13337000; 7305
13337500; 3075
13338000; 0
13338500; 7305
13339000; 0
13339500; 6940
13340000; 7305
13340500; 0
13340600; 7305
13341050; 7305
13341500; 0
13342450; 6444
13342500; 7305
13344500; 5936
13345000; 7305
13345300; 0
13346000; 329
13346100; 0
13349210; 1734
13349400; 0
13351000; 7305
13352500; 0
14017000; 0
14017500; 0
14018500; 7305
14020700; 0
14020850; 5571
14021000; 0
14025000; 0
14026000; 286
14032000; 0
14033500; 7305
14034350; 0
14036000; 0
14036600; 0
14038500; 0
14038530; 6721
14040500; 273
14041500; 0
14044000; 7305
14046000; 7305
14046500; 7305
14046778; 1753
14047390; 0
14048000; 6940
14054000; 273
14057000; 0
14063000; 1369
14064500; 273
14066000; 0
14070500; 273
14076500; 7305
14078000; 0
14079500; 0
14079800; 0
14080250; 0
14080500; 273
14087300; 0
14087380; 2649
14087400; 7305
14087500; 0
14091500; 7305
14092110; 645
14092500; 7305
14097100; 7305
14101500; 0
14103000; 7305
14110000; 0
14111400; 5205
14112500; 0
14113000; 7305
14120000; 7305
14122900; 0
14123500; 7305
14128500; 0
14137000; 7305
14137002; 2034
14142500; 7305
14144800; 2465
14145500; 7305
14147500; 1369
14148000; 7305
14150000; 7305
14152000; 7305
14154500; 7305
14155500; 7305
14157500; 7305
14158000; 0
14159000; 1369
14159110; 1340
14159500; 7305
14162500; 7305
14163150; 7305
14163900; 7305
14165500; 0
14166000; 7305
14169000; 7305
14170000; 7305
14173500; 0
14174000; 7305
14178000; 7305
14181500; 7305
14183000; 7305
14184100; 1918
14186500; 0
14186700; 0
14187200; 7305
14187500; 7006
14189000; 7305
14190500; 7305
14191000; 7305
14194000; 273
14194150; 5936
14197900; 3379
14198000; 0
14200000; 3744
14201000; 0
14201340; 4840
14202000; 4577
14206500; 0
14207500; 7305
14209500; 7305
14210000; 7305
14211000; 0
14211010; 3501
14211720; 7305
14216000; 1736
14218000; 0
14220500; 7305
14223500; 0
14226500; 7305
14231000; 6301
14231900; 5240
14232500; 1876
14233400; 1162
14233500; 7305
14235000; 0
14238000; 7305
14238800; 0
14241100; 1369
14242500; 0
14242511; 0
14242512; 0
14242513; 0
14242580; 7305
14243000; 5498
14301000; 7305
14305500; 7305
14306500; 7305
14307620; 4748
14308000; 7305
14308600; 0
14310000; 7305
14312000; 7305
14313700; 2649
14315500; 2649
14315700; 2649
14316455; 2649
14316500; 7305
14316700; 7305
14319500; 7305
14320700; 3926
14321000; 7305
14323100; 0
14327000; 0
14328000; 2838
14330000; 7305
14334700; 639
14335000; 0
14337500; 7305
14337600; 7305
14339000; 7305
14357500; 7305
14359000; 7305
14361500; 7305
14362000; 7305
14366000; 7305
14369500; 7305
14372300; 7305
14377000; 0
14377100; 7305
14378000; 0
14378200; 0
14400000; 7305
