01010000
01010500
01013500
01014000
01015800
01017000
01018035
01021000
01021500
01022500
01027200
01030500
01031500
01034000
01034500
01036390
01046500
01047000
01048000
01049000
01049205
01049265
01049500
01053500
01054000
01054500
01059000
01064500
01065500
01066000
01076500
01080500
01081000
01081500
01085500
01092000
01096500
01099500
01100000
01104200
01104500
01108000
01112500
01113895
01116500
01118500
01122500
011230695
01125500
01127000
01129500
01130000
01131500
01135500
01138500
01144000
01144500
01151500
01152500
01154500
01155910
01160350
01161000
01166500
01168151
01168500
01170000
01170500
01172003
01172010
01173500
01177000
01183500
01188090
01189995
01197500
01198125
01199000
01200000
01200500
01205500
01208500
01315500
01318500
01321000
01327750
01329490
01329500
01331095
01334500
01335754
01343060
01346000
01347000
01350000
01350101
01350180
01350355
01351500
01357500
01358000
01364500
01367500
01371500
01375000
01381900
01388500
01389500
01400500
01402000
01403060
01417500
01420500
01420980
01421000
01423000
01426500
01427510
01428500
01431500
01434000
01437500
01438500
01442500
01446500
01447800
01449000
01451000
01453000
01454700
01463500
01465500
01470500
01471000
01471510
01472000
01473000
01473500
01474500
01481000
01481500
01502500
01503000
01505000
01509000
01512500
01515000
01518000
01518700
01520000
01520500
01526500
01529500
01529950
01531000
01531500
01532000
01533400
01534000
01536000
01536500
01539000
01540500
01541000
01541200
01541303
01542500
01543000
01543500
01544000
01545000
01545500
01547200
01547500
01548005
01548500
01549700
01551500
01552000
01553500
01554000
01555000
01556000
01558000
01559000
01562000
01563200
01563500
01566000
01567000
01568000
01570000
01570500
01571500
01573000
01573560
01573825
01574000
01575500
01576000
01576500
01576754
01578310
01589000
01594440
01595500
01595800
01598500
01600000
01601500
01603000
01604500
01606000
01606500
01608000
01608500
01610000
01611500
01613000
01614000
01614500
01616500
01618000
01619500
01622000
01625000
01627500
01628500
01629500
01631000
01632000
01633000
01634000
01636500
01638500
01642190
01643000
01644000
01646500
01646502
01663500
01664000
01667500
01668000
01670400
01671020
01671025
01672500
01673000
01674000
01674500
01AF007
01AJ010
01AL002
01AM001
01AN002
01AP002
01AP004
01BC001
01BD002
01BD008
01BE001
01BF001
01BG005
01BG009
01BH005
01BH007
01BH010
01BJ003
01BJ007
01BL003
01BP001
01BQ001
01BU002
01EC001
01ED005
01EF001
01EG002
01EN002
01EO001
01FB001
01FB003
02011800
02013100
02016000
02016500
02018000
02019500
02021500
02024000
02024752
02025500
02026000
02029000
02030500
02032515
02034000
02035000
02037500
02039500
02040000
02041650
02042500
02044500
02045500
02047000
02047500
02049500
02051500
02052000
02053200
02054500
02054510
02054530
02055000
02056000
02058400
02060500
02061500
02062500
02066000
02070500
02071000
02073000
02075045
02075500
02077000
02077303
02077500
02081747
02082506
02082585
02083000
02083500
02084000
02087183
02087500
02088500
02089000
02089500
02091814
02096500
02096960
02100500
02102000
02102500
02103000
02105500
02105769
02106500
02109500
02110500
02112000
02112250
02113850
02115360
02116500
02118000
0212433550
02124742
02126000
02129000
02130561
02130980
02131000
02131500
02133624
02134170
02134480
02134500
02135000
02135200
02136000
02140991
02145000
02146000
02147020
02147500
02148000
02148315
02151000
02151500
02153200
02153551
02155500
021556525
02156500
02160105
02160390
02160700
02161000
02162500
02163001
02163500
02165000
02166501
02167000
02167450
02169500
02173000
02173030
02173051
02173500
02174000
02175000
02175500
02177000
02191300
02192500
02193500
02196000
02196484
02197315
02197320
02197500
02197830
02198000
02202500
02202600
02203000
02207220
02207335
02210500
02213000
02215500
02217475
02217500
02217770
02218300
02220900
02223000
02223056
02223248
02223500
02225000
02225500
02226000
02226100
02226500
02227500
02228000
02231000
02231600
02232000
02232400
02232500
02233484
02233500
02234000
02234500
02236000
02236125
02240000
02240500
02243000
02245050
02246025
02256500
02268903
02270500
02294650
02294655
02294775
02294898
02296500
02297310
02298123
02298202
02298830
02301500
02301719
02303000
02303330
02304500
02310947
02311500
02312000
02312300
02312500
02312600
02312700
02312720
02312762
02313000
02313230
02314500
02315500
02315550
02316000
02317500
02317620
023177483
02318000
02318500
02318700
02319000
02319394
02319500
02319800
02320000
02320500
02321500
02321975
02322500
02322800
02323000
02323500
02323592
02326000
02326512
02326900
02327500
02328522
02329600
02330000
02330150
02331600
02336000
02336490
02337000
02337040
02337170
02338000
02338500
02339500
02341500
02341505
02341800
02342500
02344500
02347500
02349500
02349605
02350512
02350600
02350900
02351890
02352500
02353000
02353265
02353500
02354500
02354800
02355350
02355662
02357000
02358000
02358700
02358754
02358789
02359000
02359170
02361000
02361500
02363000
02364500
02365200
02365500
02366000
02366500
02367900
02369000
02369600
02370000
02370500
02371500
02372250
02372422
02373000
02374250
02374700
02375500
02376033
02376500
02380500
02382500
02383500
02384500
02387000
02387500
02388350
02388500
02395000
02395980
02396000
02397000
02398300
02399200
02400100
02404400
02408540
02411000
02411930
02412000
02413300
02414500
02414715
02418500
02419000
02419890
02420000
02421000
02422500
02423425
02423496
02423500
02423555
02424000
02425000
02427250
02428400
02435020
02436500
02437100
02438000
02439400
02440500
02441390
02442500
02443500
02444160
02446500
02447025
02448000
02450000
02450180
02455000
02455500
02455900
02456500
02462500
02462951
02464000
02465000
02467000
02467500
02469761
02472000
02472500
02472850
02473000
02473500
02474500
02474560
02474600
02475000
02475500
02476600
02477000
02477990
02478500
02479000
02479130
02479160
02479300
02479310
02479560
02481510
02481880
02482000
02482550
02483000
02483500
02484000
02486000
02487500
02488000
02488500
02489000
02489500
02490500
02492000
02AB021
02EA005
02EC018
02ED101
02FC016
02FE009
02FE013
02GA038
02GB007
02GC002
02GC010
02GD004
02JB013
02KF016
02KJ007
02LB008
02LD005
02LG005
02LH004
02MC001
02NE011
02NF003
02OB037
02OD003
02OE032
02OG026
02OJ024
02PA007
02PB006
02PC009
02PD002
02PE009
02PG022
02PJ007
02PJ030
02PK005
02PL005
02PL007
02QA002
02QA017
02QB011
02QC009
02RC011
02RD002
02RD003
02RF001
02RF002
02RG005
02RH035
02RH045
02RH047
02RH049
02UC002
02VB004
02VC001
02WB003
02XA003
02YA001
02YC001
02YG001
02YJ001
02YK002
02YK005
02YL001
02YL008
02YM001
02YN002
02YO008
02YQ001
02YR003
02YS005
02ZF001
02ZH001
03007800
03010500
03011020
03014500
03015000
03015310
03015500
03016000
03020500
03023100
03024000
03025500
03029500
03030500
03031500
03032500
03036500
03040000
03041029
03041500
03048500
03049500
03050500
03051000
03053500
03054500
03057000
03058975
03061000
03065000
03069500
03070000
03070500
03072000
03072655
03075070
03076500
03079000
03081000
03082500
03083500
03085000
03085500
03086000
03091500
03094000
03097550
03098600
03102850
03105500
03106000
03106500
03107500
03109500
03112000
03114500
03115400
03117000
03117500
03124500
03129000
03136500
03139000
03140500
03142000
03146500
03150000
03150300
03152000
03155000
03157500
03159500
03161000
03164000
03165500
03167000
03168000
03170000
03171000
03173000
03175500
03176500
03179000
03183500
03184000
03184500
03185400
03189100
03189600
03190400
03192000
03193000
03194700
03197000
03198000
03198500
03200500
03201902
03202000
03202400
03203600
03205470
03207800
03208500
03209000
03209500
03212500
03212980
03213700
03214500
03216500
03217000
03219500
03221000
03225500
03226800
03227500
03229500
03229610
03230500
03230800
03231500
03232000
03234000
03234300
03234500
03237020
03237255
03237500
03238500
03245500
03247500
03249500
03250500
03251200
03251500
03253500
03261500
03262000
03262700
03263000
03265000
03266000
03267900
03269500
03270000
03270500
03271601
03271800
03272000
03272100
03274000
03275000
03275600
03276000
03276500
03277500
03280000
03281000
03281500
03282000
03282120
03282290
03283500
03284000
03284500
03285000
03286500
03287000
03287500
03289500
03290500
03291500
03295890
03298500
03300400
03301000
03301500
03302800
03303000
03308500
03310300
03314500
03316500
03320000
03320500
03321060
03322900
03322985
03323500
03324000
03324300
03325000
03326500
03327500
03328000
03328500
03329000
03329700
03331500
03331753
03333050
03333700
03334000
03334500
03335000
03335500
03336000
03336645
03338780
03339000
03339500
03340500
03341300
03341500
03342000
03342500
03345500
03346000
03346500
03347000
03348000
03348130
03349000
03351000
03352500
03353000
03353611
03353800
03354000
03357500
03358000
03360000
03360500
03361500
03362500
03363500
03363900
03364000
03365500
03366500
03369500
03371500
03373500
03374000
03375500
03376300
03376500
03377500
03378000
03378635
03379500
03380500
03381500
03383000
03401000
03402900
03403500
03403910
03404000
03404500
03406500
03408500
03409500
03410210
03410500
03414500
03421000
03422500
03424730
03426310
03427500
03428500
03431500
034315005
03432400
03433500
03434500
03435305
03436100
03438000
03438220
03443000
03447687
03451500
03453500
03455000
03459500
03460795
03461500
03465500
03467000
03467609
03473000
03475000
03488000
03498500
03498850
03503000
03510577
03513000
0351706800
03524000
03527000
03528000
03531500
03532000
03539800
03540500
03548500
03563000
03566000
03568000
03571000
03574500
03575100
03575500
03584020
03584600
03588500
03589500
03593500
03597860
03598000
03599240
03599500
03601990
03603000
03604000
03604400
03606500
03612000
03AB002
03AC004
03BC002
03BD002
03BF001
03CB004
03ED001
03FA003
03FC007
03KC004
03MB002
03MD001
03NF001
03OC003
03PB002
03QC001
03QC002
04024000
04024430
04027000
04027500
04029990
04031000
04041500
04045500
04056500
04058100
04059000
04059500
04060993
04062000
04062011
04063000
04063500
04064500
04065106
04065722
04066003
04066030
04066500
04066800
04067500
04067958
04069416
04069500
04071000
04071765
04073365
04073500
04074950
04077400
04078500
04079000
04082400
04084445
040851385
04085427
04086000
04086600
04087000
04087170
04096405
04097500
04099750
04100500
04101000
04101500
04101800
04102500
04103010
04103500
04105000
04105500
04106000
04106906
04107850
04108660
04108670
04111000
04112500
04113000
04114000
04114498
04114500
04115000
04116000
04117500
04119000
04121300
04121500
04122200
04122500
04124000
04124200
04125460
04125550
04130500
04133501
04135700
04136000
04136500
04136900
04137005
04137500
04142000
04146063
04147500
04148500
04149000
04150500
04151500
04154000
04155000
04155500
04156000
04159492
04161820
04164000
04164500
04165500
04172000
04174500
04176000
04176500
04178000
04180000
04180500
04181500
04182000
04183000
04184500
04185000
04186500
04189000
04191500
04192500
04193500
04195500
04195820
04196500
04196800
04198000
04199000
04199500
04200500
04201500
04206000
04208000
04208504
04209000
04212100
04213500
04218000
04221000
04223000
04227000
04227500
04228500
04229500
04230500
04232000
04232482
04235440
04235500
04235600
04237500
04246500
04247000
04249000
04250200
04252500
04260500
04262000
04262500
04263000
04265432
04266500
04267500
04268000
04269000
04273500
04275500
04276500
04282000
04282500
04286000
04292000
04292500
04293500
04294000
04AA004
04AB001
04AD002
04CA002
04CA003
04CB001
04DA001
04DB001
04DC001
04DC002
04FA001
04FA003
04FC001
04GA002
04GB004
04KA001
04LM001
04MD004
04MF001
04NB001
05017500
05030500
05046000
05050000
05051300
05051522
05051600
05053000
05054000
05054500
05055300
05056000
05057200
05059700
05060000
05060100
05061000
05061500
05062000
05062500
05064000
05066500
05074500
05076000
05078000
05078230
05078500
05079000
05080000
05082500
05082625
05084000
05087500
05090000
05092000
05094000
05107500
05112000
05123400
05123510
05127000
05127500
05129115
05131500
05132000
05200510
05211000
05212700
05227500
05242300
05244000
05247500
05261000
05267000
05270500
05270700
05280000
05286000
05288500
05290000
05291000
05292000
05292704
05293000
05294000
05300000
05304500
05311000
05313500
05315000
05316500
05316580
05317000
05319500
05320000
05320500
05325000
05327000
05330000
05330920
05331000
05331580
05332500
05333500
05336700
05338500
05340500
05341500
05344500
05353800
05355200
05356500
05360500
05362000
05365500
05368000
05369000
05369500
05372995
05378500
05379500
05381000
05382000
05383075
05383950
05385000
05387440
05387500
05389000
05395000
05397500
05398000
05399500
05400760
05402000
05404000
05405000
05407000
05408000
05410490
05411850
05412020
05412400
05412500
05413500
05416900
05418400
05418500
05419000
05420680
05421000
05421740
05422000
05427085
05427570
05429500
05429700
05430175
05430500
05431486
05432500
05433000
05434500
05435500
05436500
05437050
05437500
05439500
05440000
05440700
05443500
05446500
05447500
05449500
05451210
05451500
05453100
05453520
05454500
05455100
05455500
05455700
05457700
05458000
05458300
05458500
05458900
05459500
05462000
05463000
05463500
05464000
05464220
05464500
05465500
05466500
05469000
05470000
05470500
05471000
05471200
05471500
05472500
05473400
05474000
05476000
05476750
05479000
05480500
05481000
05481300
05481650
05481950
05482000
05482300
05482500
05483450
05483600
05484000
05484500
05484650
05484900
05485500
05486490
05487470
05487980
05488110
05488500
05489000
05489500
05490500
05495000
05495500
05496000
05497000
05497150
05498000
05498150
05500000
05501000
05502300
05502500
05504800
05506350
05506500
05506800
05507800
05508805
05514500
05515500
05516500
05517000
05517500
05517530
05518000
05520500
05522500
05524500
05525000
05525500
05526000
05527500
05528000
05529000
05532500
05536290
05540500
05542000
05543500
05545750
05550000
05550001
05551000
05551540
05552500
05554500
05555300
05556500
05558300
05567500
05568000
05568500
05569500
05570000
05570910
05572000
05573540
05576000
05576500
05578500
05579500
05580000
05582000
05583000
05584500
05585000
05585830
05586100
05587000
05587900
05590950
05591200
05592000
05592100
05593000
05593520
05593945
05594000
05594100
05594800
05597000
05599490
05AA008
05AA028
05AB005
05AH050
05BA001
05BG006
05BH009
05CA012
05CB002
05CC008
05CK007
05DC011
05DE007
05DF003
05DF004
05ED002
05EE009
05EF004
05EF005
05GF002
05GG010
05HD036
05JM010
05KB003
05KC001
05KF001
05KG002
05KG007
05KH007
05LC001
05LD001
05LE004
05LE006
05LE008
05LH005
05LJ005
05LJ007
05LL015
05MC001
05MD005
05ME003
05MF001
05MF008
05MG001
05MH006
05MH007
05NE003
05NF010
05OC016
05OE004
05OE006
05OE007
05OF020
05PB018
05PH003
05QA002
05QE008
05QE012
05RA001
05RB003
05RC001
05RD008
05RE001
05SA002
05TD001
05TE002
05TF002
05TG002
05TG003
05UA003
05UF004
05UG001
05UH001
05UH002
06012500
06016000
06019500
06020600
06024450
06024540
06025250
06025500
06026500
06033000
06036650
06036905
06037500
06038800
06040800
06041000
06043500
06048700
06052500
06054500
06065500
06066500
06071300
06073500
06076690
06077200
06078200
06085800
06088500
06089000
06090800
06091700
06099000
06101500
06102050
06108000
06108800
06109500
06114700
06119600
06120500
06123030
06126050
06126500
06127500
06130500
06166000
06186500
06188000
06191000
06191500
06192500
06195600
06200000
06205000
06207500
06208500
06212500
06214500
06216900
06218500
06220500
06220800
06225500
06227600
06228000
06235500
06236100
06259000
06274300
06276500
06279500
06279940
06280300
06281000
06282000
06287000
06290500
06294000
06295000
06298000
06299980
06305700
06306250
06306300
06307500
06307616
06307830
06307990
06308400
06308500
06309000
06313500
06313590
06316400
06317000
06324000
06324500
06324970
06326500
06327500
06329500
06331000
06334500
06335500
06336000
06337000
06339500
06340000
06340500
06345780
06347000
06347500
06348300
06349000
06350000
06351200
06352000
06353000
06354000
06354815
06354882
06355500
06357800
06359500
06360500
06386500
06395000
06406500
06408500
06410500
06411500
06412200
06412500
06414000
06418900
06421500
06423500
06425100
06425500
06426500
06428200
06430500
06432020
06433000
06436000
06436760
06437000
06438000
06438500
06439000
06440200
06441500
06442900
06445685
06445700
06446000
06447000
06447230
06447450
06449100
06449500
06450500
06452000
06452320
06453255
06453600
06463500
06464100
06464500
06465000
06465500
06468170
06468250
06469400
06470000
06470500
06470878
06471000
06471200
06471500
06472000
06473000
06475000
06476000
06477000
06477500
06478500
06478513
06478600
06478690
06479010
06481500
06482020
06482610
06483290
06483500
06485500
06600100
06600500
06601200
06602400
06605000
06605850
06606600
06607200
06607500
06608500
06609500
06610000
06620000
06625000
06630000
06634620
06635000
06639000
06652000
06653300
06653500
06659500
06659502
06661585
06664400
06696000
06699005
06701500
06701900
06707500
06709000
06709530
06710245
06710247
06711500
06711565
06713000
06713300
06714000
06714215
06718300
06719505
06720500
06721000
06724000
06725450
06730200
06730500
06731000
06738000
06741510
06751150
06751490
06752000
06752260
06752280
06752500
06754000
06756100
06758500
06759500
06759910
06764880
06786000
06787000
06797500
06799000
06799100
06799350
06799500
06800500
06803080
06803486
06803500
06803513
06803555
06804700
06806500
06807410
06808500
06809210
06809500
06810000
06811500
06813500
06814000
06814500
06815000
06817000
06817700
06820500
06821190
06853800
06854000
06863500
06865500
06866500
06866900
06867000
06868200
06869500
06869950
06870200
06873000
06873460
06874000
06875900
06876070
06876700
06876900
06877600
06878000
06879100
06881000
06882000
06882510
06883000
06884000
06884025
06884200
06884400
06885500
06887000
06887500
06888000
06888350
06888500
06889000
06890100
06891000
06892000
06892350
06893578
06897500
06898000
06899500
06900050
06901500
06902000
06904010
06904050
06904500
06905500
06906000
06906300
06906800
06908000
06910750
06911400
06913000
06913500
06914000
06914100
06915800
06916600
06917000
06917060
06917380
06917560
06917680
06918060
06918065
06918070
06918440
06918460
06918740
06919020
06919500
06919900
06921070
06921350
06921760
06922450
06923250
06923950
06926000
06926500
06926510
06927000
06928000
06928430
06930000
06930060
06932000
06933500
06934000
06AC001
06AD001
06AF005
06AG001
06AG002
06BA002
06BB003
06BB005
06BD001
06CD002
06DA002
06DA004
06DC001
06FA001
06FB002
06FC001
06FD002
06GA001
07013000
07014500
07016500
07018100
07018500
07019000
07021000
07024500
07025400
07026040
07027720
07028960
07029500
07030050
07030240
07030392
07030500
07031650
07031740
07034000
07035800
07036100
07037500
07039500
07040100
07040450
07047942
07047950
07048600
07049000
07050500
07050700
07052250
07052345
07052500
07053500
07054080
07055608
07056000
07056700
07057370
07057500
07058000
07061000
07061500
07062500
07063000
07064000
07064533
07065495
07066000
07067000
07068000
07069000
07069305
07069500
07071500
07072000
07072500
07074000
07074420
07074500
07074850
07076620
07077380
07083710
07086000
07087050
07091200
07093700
07093775
07094500
07096000
07096250
07096500
07097000
07099400
07099970
07104000
07105500
07105530
07105800
07106000
07106300
07106500
07108900
07109500
07119700
07123000
07124000
07124200
07134100
07138070
07139500
07140000
07142620
07143300
07143665
07143672
07144100
07144200
07144780
07144795
07145200
07145500
07146830
07147070
07147800
07148400
07149000
07151000
07151500
07152000
07153000
07155590
07159750
07160500
07165750
07166000
07166500
07169500
07169800
07170500
07170990
07171000
07171600
07172000
07174400
07175500
07176000
07176500
07177500
07178000
07178200
07179500
07179730
07180200
07180400
07182250
07182510
07183000
07183500
07184000
07185000
07185765
07186000
07187000
07188000
07188838
07188885
07189000
07190500
07191000
07191288
07191500
07195400
07195430
07195500
07196500
07197000
07198000
07211000
07211500
07216500
07221000
07221500
07230500
07231000
07237500
07242380
07243500
07247000
07247015
07249413
07251500
07257006
07257500
07258500
07260500
07260673
07261500
07263012
07264000
07268000
07274000
07281600
07283000
07285400
07288280
07288500
07288650
07288955
07289730
07290000
07290650
07292500
07299670
07301420
07301500
07303400
07305000
07307028
07311000
07311500
07311700
07311900
07312200
07312700
07314500
07315500
07315700
07324200
07324400
07325000
07325500
07326500
07327550
07328100
07328500
07331000
07332500
07334000
07335000
07335300
07335790
07336200
07337900
07338500
07338750
07340000
07341200
07342500
07343200
07343500
07344493
07346000
07346045
07346050
07346070
07348700
07351750
07356000
07359002
07362000
07362100
07362500
07363000
07363200
07363400
07363500
07364100
07369680
07371500
07372050
07372200
07375500
07376000
07377000
07378000
07378500
07380120
07382000
07382500
07383500
07AA004
07AC007
07AE001
07AF013
07AF015
07AG003
07AG004
07AH002
07BB005
07BC006
07BF009
07BK001
07CD004
07DA001
07DA008
07EA002
07EA004
07EA005
07EA007
07EB002
07EC002
07EC003
07EC004
07ED001
07ED003
07EE007
07EE009
07EE010
07FA005
07FA006
07FB001
07FB002
07FB003
07FB006
07FB008
07FB009
07FC001
07FC003
07FD001
07FD006
07FD007
07FD011
07GC002
07GD001
07GD002
07GE001
07GG001
07GG003
07GH002
07GJ001
07JA003
07JD002
07JF002
07LB002
07MA003
07MB001
08012000
08012150
08013000
08013500
08014500
08015500
08017410
08018500
08019000
08019200
08019500
08020000
08020900
08022040
08026000
08028000
08028500
08032000
08033500
08034500
08036500
08040600
08041000
08041500
08041700
08041749
08041780
08043950
08044000
08049500
08050100
08051500
08053000
08053500
08055500
08057000
08057410
08061750
08062000
08062500
08062700
08064100
08065000
08065350
08065800
08066250
08066500
08067650
08068000
08068090
08068500
08068800
08069000
08070000
08070200
08071280
08073600
08073700
08084000
08084800
08085500
08086050
08086212
08086290
08091500
08092000
08093360
08093500
08098290
08099300
08103800
08104100
08104700
08106500
08109800
08110800
08111700
08130700
08143600
08144600
08148500
08150000
08150700
08152000
08153500
08164000
08164300
08164390
08164450
08167000
08167500
08171000
08172000
08173000
08173900
08174600
08175000
08175800
08176500
08180500
08180640
08180700
08180800
08181480
08181500
08181800
08183500
08185500
08186000
08186500
08188500
08188800
08189500
08193000
08206600
08206700
08207500
08208000
08210000
08211000
08211500
08217500
08219500
08220000
08227000
08246500
08249000
08255500
08268700
08276300
08276500
08279000
08279500
08284100
08289000
08313000
08317400
08319000
08323000
08324000
08329928
08330000
08332010
08379500
08401900
08CC001
08CD001
08CE001
08CG003
08DB001
08DD001
08EB004
08EB005
08EC013
08ED001
08ED002
08EE004
08EE013
08EE020
08EF001
08EF005
08FB006
08FB007
08FC003
08FE003
08FF001
08FF002
08GA071
08GD004
08GD008
08GE002
08HA001
08HA010
08HB002
08HD011
08HF005
08JB002
08JB003
08JE001
08KA001
08KA004
08KA005
08KA007
08KA008
08KB001
08KB003
08KC001
08KC003
08KD001
08KD006
08KD007
08KE009
08KE016
08KF001
08KG001
08KG003
08KH001
08KH006
08KH010
08KH019
08LA001
08LB020
08LB047
08LB064
08LB069
08LD001
08LE024
08LE027
08LE031
08LF051
08LG008
08LG048
08MA001
08MA002
08MB005
08MB006
08ME025
08MF065
08MG001
08MG005
08MG013
08NA002
08NA006
08NA045
08NB005
08NB012
08NB014
08NB019
08NC004
08ND012
08ND013
08NE001
08NE006
08NE039
08NG053
08NG065
08NH005
08NH007
08NH119
08NH130
08NJ013
08NK002
08NK016
08NK018
08NL024
08NL050
08NN002
08NN022
08NP001
08OA002
09033300
09034250
09041400
09050700
09058000
09060770
09067005
09067020
09070000
09070500
09081000
09083800
09085000
09085100
09093700
09095500
09097900
09106150
09109000
09110000
09112200
09112500
09114500
09118450
09119000
09124500
09132500
09134100
09135950
09144250
09147025
09147500
09149500
09152500
09163500
09166500
09168730
09169500
09171100
09172500
09174600
09177000
09180000
09180500
09188500
09205000
09209400
09211200
09213500
09224700
09237450
09237500
09239500
09242500
09246400
09249750
09251000
09251100
09253000
09260000
09260050
09261000
09271550
09277500
09279150
09285900
09288180
09301500
09302000
09303000
09304115
09304200
09304500
09304800
09306200
09306222
09306290
09306500
09313000
09315000
09342500
09346400
09349800
09361500
09363500
09364010
09364500
09365000
09366500
09381800
09382000
09384000
09386950
09400350
09402000
09403600
09404900
09405500
09406000
09406100
09408135
09408150
09409880
09410100
09413000
09413700
09414900
09415000
09418500
09418700
09419700
09424447
09424900
09430500
09431500
09432000
09442000
09442680
09444000
09444200
09444500
09447000
09447800
09448500
09466500
09468500
09469500
09470000
09474000
09481740
09482000
09482500
09484500
09486055
09486500
09489000
09489500
09490500
09494000
09496500
09497500
09497800
09497980
09498400
09499000
09502000
09502800
09503700
09504000
09504420
09504500
09505800
09506000
09507980
09508500
09510000
09511300
09512406
09512500
09512800
09513910
09514100
09516500
09518000
09519800
09520500
10016900
10020100
10020300
10028500
10038000
10039500
10092700
10109000
10109001
10113500
10118000
10126000
10129500
10130500
10131000
10132000
10136500
10140100
10141000
10150500
10155000
10155200
10155300
10159500
10174500
10183500
10217000
10239000
10251250
10251255
10251258
10261100
10293000
10296500
10297500
10300000
10308200
10309000
10310407
10311000
10311400
10311700
10312000
10315500
10317500
10318500
10321000
10321590
10321940
10321950
10322000
10322500
10324500
10329000
10337500
10338000
10339419
10346000
10347460
10348000
10348200
10350000
10350340
10350400
10351600
10351650
10351700
10352500
10396000
10AC004
10BE004
10BE007
10CB001
10CC002
10CD001
10CD004
11012000
11022480
11023000
11042000
11043000
11044000
11044300
11046000
11051499
11051500
11066460
11070150
11070365
11070500
11085000
11106550
11108500
11109000
11109375
11109525
11113000
11114000
11123000
11123500
11128500
11133000
11134000
11136800
11138500
11140000
11143250
11147500
11149900
11151300
11151700
11152000
11152050
11152300
11152500
11156500
11157500
11158600
11159000
11172175
11176900
11177000
11179000
11180700
11186000
11186001
11189500
11192500
11192501
11216200
11218400
11234760
11238600
11242000
11246700
11251000
11261500
11266500
11270900
11272500
11276500
11276600
11276900
11278300
11278400
11289650
11289651
11289660
11290000
11292700
11292900
11295300
11302000
11303000
11303500
11316600
11316670
11319500
11323500
11325500
11335000
11342000
11345500
11348500
11367500
11367800
11368000
11370500
11372000
11374000
11376000
11376550
11377100
11382000
11383500
11389500
11390500
11413000
11413520
11417500
11418000
11421000
11424000
11427000
11433300
11443500
11444500
11446500
11451000
11452500
11458000
11462500
11463000
11463980
11464000
11467000
11468000
11469000
11470500
11471500
11473900
11475000
11475800
11476500
11477000
11478500
11481000
11482500
11493500
11501000
11502500
11507500
11517000
11517500
11519500
11522500
11525655
11525854
11526250
11527000
11528700
11530000
11532500
12017000
12027500
12031000
12035000
12035002
12039500
12040500
12041200
12044900
12045500
12061500
12086500
12089500
12097850
12098500
12099200
12101500
12105900
12106700
12113000
12134500
12144500
12149000
12150800
12167000
12189500
12194000
12200500
12210500
12210700
12213100
12301300
12302055
12303500
12323600
12324200
12324590
12324680
12329500
12331500
12331800
12334510
12334550
12335100
12338300
12340000
12340500
12342500
12344000
12350250
12351200
12352500
12353000
12354000
12354500
12358500
12359800
12363000
12365000
12370000
12372000
12388200
12388700
12389000
12389500
12391400
12391950
12392000
12394000
12395000
12395500
12396500
12398600
12409000
12411000
12413000
12413470
12413500
12413860
12414500
12414900
12415140
12419000
12422500
12424000
12433000
12447383
12448000
12448500
12448998
12449500
12449950
12451000
12452800
12452990
12457000
12459000
12462500
12465000
13010065
13011900
13013650
13015000
13018750
13022500
13023000
13027500
13032500
13037500
13038500
13041010
13042500
13046000
13046995
13047500
13047600
13049500
13050500
13052200
13055000
13055340
13056500
13057000
13057940
13062500
13063000
13069500
13073000
13075000
13075500
13075910
13077000
13078000
13081500
13082500
13105000
13112000
13116500
13120500
13127000
13132500
13135000
13139500
13140800
13141000
13141500
13142500
13147900
13148500
13152500
13161500
13168500
13169500
13171620
13172500
13175100
13181000
13183000
13185000
13186000
13200000
13202000
13206000
13210050
13213000
13213100
13217500
13235000
13237920
13246000
13247500
13249500
13250000
13251000
13258500
13265500
13266000
13269000
13273000
13277000
13285500
13286700
13290190
13292000
13296500
13302500
13305000
13305310
13307000
13309220
13310199
13310700
13313000
13314300
13316500
13317000
13329770
13331450
13331500
13333000
13335690
13335700
13336500
13337000
13337500
13338500
13339500
13340000
13340600
13341050
13342450
13342500
13344500
13345000
13351000
14018500
14020850
14033500
14038530
14044000
14046000
14046500
14048000
14076500
14087380
14087400
14092500
14097100
14103000
14111400
14113000
14120000
14123500
14137000
14137002
14142500
14144800
14148000
14152000
14154500
14155500
14157500
14162500
14163150
14163900
14166000
14169000
14170000
14174000
14178000
14183000
14184100
14187200
14187500
14189000
14190500
14191000
14194150
14197900
14200000
14201340
14202000
14207500
14209500
14210000
14211010
14211720
14220500
14226500
14231000
14231900
14232500
14233500
14238000
14242580
14243000
14301000
14305500
14306500
14307620
14308000
14310000
14312000
14316500
14316700
14319500
14320700
14321000
14328000
14330000
14337500
14337600
14339000
14357500
14359000
14361500
14362000
14366000
14369500
14372300
14377100
14400000