01010000
01010500
01013500
01014000
01015800
01016500
01017000
01017290
01018035
01018500
01019000
01020000
01021000
01021500
01022000
01022500
01027200
01030000
01030500
01031500
01033000
01033500
01034000
01034500
01035000
01036000
01036390
01037000
01041000
01042500
01043500
01045000
01046500
01047000
01048000
01049000
01049205
01049265
01049500
01053500
01053600
01054000
01054500
01058500
01059000
01064118
01064140
01064500
01065000
01065500
01066000
01076500
01080500
01081000
01081500
01085000
01085500
01088000
01091500
01092000
01096500
01099500
01100000
01104200
01104500
01108000
01111212
01112500
01113895
01116500
01118500
01122500
011230695
01125500
01127000
01129200
01129500
01130000
01131500
01135500
01138000
01138500
01142000
01144000
01144500
01151500
01152500
01154500
01155910
01156000
01156500
01160350
01161000
01166500
01168151
01168500
01170000
01170500
01172003
01172010
01173500
01177000
01183500
01187000
01187980
01188090
01189995
01190000
01197500
01198125
01199000
01200000
01200500
01205500
01208500
01314000
01315500
01317000
01318500
01321000
01325000
01327750
01329490
01329500
01331095
01334500
01335500
01335754
01343060
01344000
01346000
01347000
01348000
01350000
01350101
01350180
01350355
01351500
01357500
01358000
01361000
01364500
01367500
01370000
01370500
01371500
01375000
01381900
01388500
01389500
01389800
01400500
01402000
01403000
01403060
01417000
01417500
01420500
01420980
01421000
01422700
01423000
01425000
01426500
01427207
01427405
01427510
01428500
01431500
01432000
01433500
01434000
01437000
01437500
01438500
01442500
01446500
01446700
01447800
01448000
01449000
01451000
01453000
01454700
01463500
01465500
01470500
01471000
01471510
01472000
01473000
01473500
01474500
01481000
01481500
01497500
01498620
01501000
01502500
01502632
01502731
01503000
01505000
01505810
01507000
01509000
01510500
01512500
01513500
01513831
01515000
01518000
01518700
01520000
01520500
01525500
01526500
01529500
01529950
01530332
01531000
01531500
01532000
01533400
01534000
01536000
01536500
01539000
01540500
01541000
01541200
01541303
01542500
01543000
01543500
01544000
01545000
01545500
01547200
01547500
01548000
01548005
01548500
01549700
01551500
01552000
01553500
01554000
01555000
01556000
01558000
01559000
01562000
01563200
01563500
01566000
01567000
01568000
01570000
01570500
01571500
01573000
01573560
01573825
01574000
01575500
01575585
01576000
01576500
01576754
01578310
01584000
01589000
01594440
01595500
01595800
01598500
01600000
01601500
01603000
01604500
01606000
01606500
01608000
01608070
01608500
01610000
01611500
01613000
01614000
01614500
01616500
01618000
01619500
01622000
01625000
01627500
01628500
01629500
01631000
01632000
01633000
01634000
01636500
01638500
01642190
01643000
01644000
01646500
01646502
01656700
01657500
01662000
01663500
01664000
01667500
01668000
01670400
01671000
01671020
01671025
01672500
01673000
01674000
01674500
01AF007
01AJ010
01AK008
01AL002
01AM001
01AN002
01AP002
01AP004
01BC001
01BD002
01BD008
01BE001
01BF001
01BG005
01BG009
01BH001
01BH002
01BH005
01BH007
01BH010
01BJ001
01BJ003
01BJ007
01BL003
01BO002
01BO003
01BP001
01BQ001
01BU002
01DG006
01EC001
01ED005
01EF001
01EG002
01EN002
01EO001
01FB001
01FB003
02011800
02012500
02013100
02016000
02016500
02018000
02019500
02021500
02023000
02024000
02024752
02025500
02026000
02028000
02029000
02030500
02032500
02032515
02034000
02034500
02035000
02037500
02039500
02040000
02041500
02041650
02042500
02044500
02045500
02047000
02047500
02048000
02049500
02051500
02052000
02053200
02054500
02054510
02054530
02055000
02056000
02057000
02057500
02058400
02058500
02060500
02061500
02062500
02065200
02066000
02069000
02070500
02071000
02072000
02072500
02073000
02074000
02074218
02075000
02075045
02075500
02077000
02077303
02077500
02079500
02080500
02081000
02081747
02082000
02082506
02082585
02083000
02083500
02084000
02084472
02087000
02087183
02087500
02087570
02088500
02089000
02089500
02091814
0209205053
02096500
02096960
02098000
02098200
02100500
02102000
02102500
02103000
02103500
02105500
02105769
02106500
02109500
02110500
02112000
02112250
02113500
02113850
02115360
02116500
02118000
02119000
02122500
02123500
0212433550
02124742
02126000
02129000
02130561
02130980
02131000
02131500
02132500
02133624
02134170
02134480
02134500
02135000
02135200
02136000
0213903612
02140991
02142500
02145000
02146000
02146800
02147000
02147020
02147500
02148000
02148315
02151000
02151500
02152500
02153200
02153500
02153551
02155500
021556525
02156000
02156500
02160105
02160390
02160500
02160700
02161000
02161500
02162500
02163000
02163001
02163500
02165000
02166501
02167000
02167450
02168504
02169000
02169500
02172002
02172500
02173000
02173030
02173051
02173500
02174000
02175000
02175500
02176000
02177000
02184000
02187252
02187500
02188000
02189000
02191300
02191743
02192000
02192500
02193500
02196000
02196484
02197315
02197320
02197500
02197830
02198000
02198920
02200120
02202000
02202040
02202190
02202500
02202600
02202680
02203000
02204500
02207220
02207335
02207500
02208000
02210500
02212500
02212735
02213000
02215000
02215500
02215900
02217475
02217500
02217770
02218300
02218500
02219500
02220900
02223000
02223056
02223248
02223500
02224500
02225000
02225500
02226000
02226100
02226160
02226362
02226500
02227270
02227500
02228000
02228070
02231000
02231253
02231289
02231600
02232000
02232400
02232500
02233484
02233500
02234000
02234500
02236000
02236125
02237293
02238000
02238500
02240000
02240500
02242451
02243000
02244040
02244440
02245050
02246025
02246500
02256500
02268903
02270500
02272500
02294650
02294655
02294775
02294898
02296500
02297310
02298123
02298202
02298830
02301500
02301719
02303000
02303330
02304500
02310947
02311500
02312000
02312300
02312500
02312600
02312700
02312720
02312762
02313000
02313230
02314500
02315500
02315550
02315920
02316000
02317500
02317620
02317748
023177483
02317755
02318000
02318380
02318500
02318700
02319000
02319394
02319500
02319800
02320000
02320500
02321500
02321975
02322000
02322500
02322800
02323000
02323500
02323592
02326000
02326500
02326512
02326900
02327355
02327500
02328522
02329500
02329600
02330000
02330150
02331600
02334430
02334500
02335000
02335450
02335500
02335815
02336000
02336490
02337000
02337040
02337170
02338000
02338500
02339500
02341500
02341505
02341800
02342500
02343225
02343500
02343801
02344000
02344500
02346180
02347500
02349500
02349605
02350500
02350512
02350600
02350900
02351890
02352500
02353000
02353265
02353500
02354500
02354800
02355350
02355662
02357000
02358000
02358700
02358754
02358789
02359000
02359170
02360500
02361000
02361500
02363000
02364500
02365200
02365500
02366000
02366500
02367800
02367900
02369000
02369600
02370000
02370500
02371500
02372000
02372250
02372422
02372430
02372500
02373000
02373500
02373800
02374000
02374250
02374660
02374700
02375500
02376033
02376500
02380500
02382500
02383500
02384500
02387000
02387500
02388350
02388500
02394000
02395000
02395980
02396000
02397000
02398300
02398500
02399200
02399500
02400100
02400500
02401500
02404000
02404400
02405000
02407000
02408500
02408540
02411000
02411930
02412000
02413300
02414500
02414715
02418500
02419000
02419890
02420000
02421000
02422000
02422500
02423000
02423425
02423496
02423500
02423555
02423647
02424000
02424500
02424940
02425000
02425500
02427250
02428400
02428500
02429500
02433000
02435020
02436500
02437100
02437500
02438000
02439400
02440500
02441000
02441390
02442500
02443000
02443500
02444160
02444500
02445500
02446500
02447000
02447025
02447500
02448000
02450000
02450180
02450500
02452000
02453500
02455000
02455500
02455900
02456500
02462500
02462951
02464000
02464500
02465000
02466000
02467000
02467500
02468500
02469761
02470000
02470100
02472000
02472500
02472850
02473000
02473500
02474500
02474560
02474600
02475000
02475500
02476000
02476600
02477000
02477500
02477990
02478500
02479000
02479130
02479160
02479300
02479310
02479500
02479560
02481500
02481510
02481880
02482000
02482500
02482550
02483000
02483500
02484000
02484630
02485498
02485500
02486000
02487500
02488000
02488500
02489000
02489500
02490500
02491500
02492000
02492600
02AB021
02BA002
02BB002
02BD003
02EA005
02EC018
02ED101
02FC016
02FE009
02FE013
02GA017
02GA038
02GB007
02GC002
02GC010
02GD004
02JB004
02JB013
02KF016
02KJ007
02LB008
02LD001
02LD005
02LG005
02LH004
02MC001
02NE011
02NF003
02OB037
02OD003
02OE032
02OG026
02OJ024
02PA007
02PB006
02PC009
02PD002
02PE009
02PG004
02PG022
02PJ007
02PJ030
02PK005
02PL005
02PL007
02QA002
02QA017
02QB011
02QC001
02QC009
02RC011
02RD002
02RD003
02RF001
02RF002
02RF006
02RG005
02RH035
02RH045
02RH047
02RH049
02UC002
02VA001
02VB004
02VC001
02WA001
02WB003
02XA003
02YA001
02YC001
02YG001
02YJ001
02YK002
02YK004
02YK005
02YL001
02YL008
02YM001
02YN002
02YO008
02YQ001
02YR003
02YS001
02YS005
02ZF001
02ZH001
03007800
03010500
03010800
03011020
03012550
03012600
03013000
03014500
03015000
03015310
03015500
03016000
03017500
03020000
03020500
03021500
03021520
03023100
03024000
03025500
03028500
03029500
03030500
03030852
03031000
03031500
03032500
03036000
03036500
03039000
03040000
03041029
03041500
03044000
03047000
03048500
03049500
03050500
03051000
03053500
03054500
03056000
03057000
03058975
03059000
03061000
03062000
03063000
03065000
03069000
03069500
03070000
03070260
03070500
03071000
03072000
03072500
03072655
03075070
03076500
03077500
03079000
03081000
03081500
03082500
03083500
03085000
03085500
03086000
03090500
03091500
03094000
03097550
03098000
03098600
03099500
03102850
03103500
03105500
03106000
03106500
03107500
03109500
03111534
03112000
03114500
03115400
03117000
03117500
03122500
03124000
03124500
03127000
03127500
03129000
03130000
03131500
03133500
03135000
03136000
03136500
03137000
03138500
03139000
03140500
03142000
03143500
03144500
03146500
03147000
03147500
03150000
03150300
03151000
03152000
03153500
03154000
03155000
03155220
03155500
03157500
03159500
03159510
03159530
03160000
03161000
03162500
03164000
03165500
03167000
03167500
03168000
03170000
03171000
03171500
03173000
03175500
03176500
03178000
03179000
03180000
03183500
03184000
03184500
03185400
03185500
03187000
03189100
03189600
03190000
03190400
03192000
03193000
03194700
03195000
03195500
03196600
03196800
03197000
03198000
03198500
03198550
03199000
03199400
03199700
03200500
03201000
03201902
03202000
03202400
03202900
03202915
03203000
03203600
03204000
03204500
03205470
03207000
03207020
03207500
03207800
03208000
03208500
03209000
03209200
03209300
03209500
03209800
03211500
03212500
03212980
03213000
03213620
03213700
03214000
03214500
03214900
03215000
03215500
03216350
03216400
03216500
03217000
03217500
03219500
03221000
03225500
03226500
03226800
03227500
03229500
03229610
03230000
03230500
03230700
03230800
03230900
03231000
03231500
03232000
03232300
03232470
03234000
03234300
03234500
03237020
03237250
03237255
03237500
03238500
03242050
03242300
03242350
03244000
03245500
03246200
03246500
03247050
03247500
03248000
03249500
03250500
03251200
03251500
03252000
03252500
03253500
03254520
03261500
03262000
03262700
03263000
03265000
03266000
03267500
03267800
03267900
03269500
03270000
03270500
03271500
03271601
03271800
03272000
03272100
03273500
03274000
03275000
03275600
03276000
03276500
03277000
03277500
03280000
03280600
03280900
03281000
03281500
03282000
03282120
03282290
03283500
03284000
03284230
03284500
03285000
03286200
03286500
03287000
03287500
03289500
03290500
03291500
03295500
03295890
03298500
03299000
03300400
03301000
03301500
03302800
03303000
03306000
03306500
03307100
03308500
03309000
03310300
03310500
03311000
03311500
03312500
03313000
03314000
03314500
03315500
03316500
03317000
03318500
03319000
03320000
03320500
03321060
03322100
03322900
03322985
03323000
03323500
03324000
03324300
03324500
03325000
03326000
03326500
03327500
03328000
03328500
03329000
03329500
03329700
03331500
03331753
03332500
03332555
03332605
03333000
03333050
03333700
03334000
03334500
03335000
03335500
03335700
03336000
03336645
03338000
03338500
03338780
03339000
03339120
03339150
03339500
03340000
03340500
03340900
03341000
03341300
03341420
03341500
03342000
03342500
03343000
03343010
03344000
03345500
03346000
03346500
03347000
03348000
03348130
03348500
03349000
03350500
03351000
03352500
03352875
03353000
03353611
03353800
03354000
03357000
03357420
03357500
03358000
03359000
03360000
03360500
03361500
03362500
03363000
03363500
03363900
03364000
03364650
03365500
03366500
03369500
03371500
03372500
03373000
03373500
03373700
03374000
03375500
03376300
03376500
03377500
03378000
03378635
03378900
03379500
03380350
03380500
03381500
03382500
03383000
03384100
03384180
03400990
03401000
03402900
03403000
03403500
03403910
03404000
03404500
03405000
03406500
03408500
03409500
03410210
03410500
03410600
03414000
03414500
03417000
03421000
03422500
03424500
03424730
03425000
03426310
03426500
03427500
03428500
03429000
03430100
03431500
034315005
03432400
03433500
03434500
03435000
03435305
03435500
03436100
03437000
03438000
03438220
03443000
03447687
03448000
03451500
03453500
03455000
03459500
03460795
03461500
03464500
03465500
03466500
03467000
03467500
03467609
03469000
03470000
03470500
03473000
03475000
03476500
03484000
03486000
03487499
03487500
03488000
03488500
03490000
03490500
03494000
03495500
03497000
03498500
03498850
03503000
03510500
03510577
03513000
03515000
0351706800
03518000
03518300
03519500
03520000
03524000
03527000
03527220
03528000
03531500
03532000
03533000
03535912
03538150
03539800
03540500
03543005
03548500
03553500
03556500
03559000
03559500
03563000
03564500
03565000
03566000
03567000
03567500
03568000
03571000
03571850
03574500
03575000
03575100
03575500
03579100
03580750
03582000
03584000
03584020
03584500
03584600
03588500
03589500
03592000
03592500
03593500
03594160
03596500
03597860
03598000
03599240
03599500
03601990
03602000
03603000
03604000
03604400
03606500
03609500
03610500
03612000
03AB002
03AC004
03AD001
03BA003
03BB002
03BC002
03BD002
03BE001
03BF001
03CB001
03CB004
03CC001
03CE001
03DC002
03DD002
03DD003
03EA001
03EC001
03ED001
03ED004
03FA003
03FC007
03JB001
03KC004
03LD004
03MB001
03MB002
03MC001
03MD001
03NF001
03OC003
03PB002
03QC001
03QC002
04016500
04018750
04020000
04024000
04024430
04027000
04027500
04029990
04030000
04031000
04032000
04034500
04035000
04039500
04041500
04045500
04049500
04055000
04056000
04056500
04057000
04058100
04059000
04059500
04060993
04061000
04062000
04062011
04062230
04062270
04062300
04062400
04062500
04063000
04063500
04064500
04065106
04065500
04065722
04066000
04066003
04066030
04066500
04066800
04067500
04067651
04067958
04068000
04069416
04069500
04071000
04071765
04073365
04073500
04074950
04075500
04077000
04077400
04078500
04079000
04080000
04081000
04082400
04084445
040851385
04085427
04086000
04086360
04086600
04087000
04087010
04087170
04096400
04096405
04096600
04097500
04099750
04100500
04101000
04101500
04101800
04102000
04102500
04103010
04103500
04105000
04105500
04106000
04106906
04107850
04108660
04108670
04111000
04112500
04113000
04114000
04114498
04114500
04115000
04116000
04116500
04117500
04118000
04119000
04121000
04121300
04121500
04122000
04122200
04122500
04124000
04124200
04125460
04125500
04125550
04126000
04128000
04130000
04130500
04132000
04133500
04133501
04135000
04135700
04136000
04136500
04136900
04137005
04137500
04142000
04144000
04146063
04147500
04148500
04149000
04150000
04150500
04150800
04151000
04151500
04152500
04154000
04154500
04155000
04155500
04156000
04159492
04159500
04160000
04161820
04164000
04164500
04165500
04172000
04173000
04174500
04174800
04176000
04176500
04178000
04179000
04180000
04180500
04181500
04182000
04183000
04183500
04184500
04185000
04186500
04188400
04189000
04191500
04192500
04193500
04195500
04195820
04196500
04196800
04197000
04198000
04199000
04199500
04200500
04201500
04206000
04206250
04208000
04208504
04209000
04212000
04212100
04213500
04217500
04218000
04221000
04221500
04223000
04227000
04227500
04228500
04229500
04230500
04232000
04232482
04232730
04235271
04235440
04235500
04235600
04237500
04246500
04247000
04247055
04249000
04250200
04252500
04254500
04258000
04260500
04262000
04262500
04263000
04265000
04265432
04266500
04267500
04268000
04268700
04269000
04273500
04275500
04276500
04279000
04282000
04282500
04286000
04292000
04292500
04293500
04294000
04AA004
04AB001
04AC005
04AC007
04AD002
04CA002
04CA003
04CB001
04CC001
04CD002
04CE002
04DA001
04DB001
04DC001
04DC002
04EA001
04FA001
04FA003
04FB001
04FC001
04GA002
04GB004
04JC003
04KA001
04LM001
04MD004
04MF001
04NB001
05017500
05030500
05040500
05046000
05049000
05050000
05051300
05051522
05051600
05051700
05052000
05052500
05053000
05054000
05054500
05055000
05055300
05055400
05056000
05057200
05059700
05060000
05060100
05061000
05061500
05062000
05062200
05062500
05064000
05065500
05066500
05074500
05075000
05076000
05078000
05078230
05078500
05079000
05080000
05082500
05082625
05083000
05083500
05084000
05087500
05089000
05090000
05092000
05094000
05095500
05107500
05112000
05116150
05116500
05123400
05123510
05123600
05123700
05123750
05124500
05125550
05127000
05127500
05129000
05129115
05131500
05132000
05200510
05211000
05212700
05217000
05220500
05227500
05242300
05244000
05247500
05261000
05267000
05270500
05270700
05275500
05278500
05278930
05279000
05280000
05286000
05288500
05290000
05291000
05292000
05292500
05292704
05293000
05294000
05300000
05304000
05304500
05311000
05313500
05315000
05316500
05316580
05316770
05317000
05319500
05320000
05320500
05325000
05327000
05330000
05330920
05331000
05331580
05332500
05333500
05336000
05336700
05338500
05339500
05340050
05340500
05341500
05341752
05344500
05353800
05355200
05356000
05356500
05357500
05358500
05359500
05360000
05360500
05362000
05364000
05365500
05366500
05367426
05367500
05368000
05369000
05369500
05372995
05373000
05374000
05374500
05374900
05376800
05377500
05378500
05379400
05379500
05381000
053813595
05382000
05383000
05383075
05383500
05383950
05384000
05385000
05385500
05386000
05387440
05387500
05389000
05391000
05392000
05393000
05395000
05396000
05397110
05397500
05398000
05399500
05400760
05400800
05402000
05403000
05403500
05404000
05405000
05407000
05407920
05408000
05410000
05410490
05410500
05411850
05412020
05412400
05412500
05413500
05416900
05417000
05418400
05418450
05418500
05419000
05420000
05420680
05421000
05421740
05422000
05427085
05427530
05427570
05428500
05429500
05429700
05430175
05430500
05431486
05431500
05432500
05433000
05434500
05435500
05436500
05437000
05437050
05437500
05439500
05440000
05440700
05443500
05446500
05447000
05447500
05449500
05451210
05451500
05452500
05453100
05453520
05454500
05455100
05455500
05455700
05457700
05458000
05458300
05458500
05458900
05459000
05459500
05462000
05463000
05463500
05464000
05464220
05464315
05464500
05465500
05466500
05469000
05470000
05470500
05471000
05471200
05471500
05472500
05473400
05474000
05476000
05476500
05476750
05478000
05479000
05480000
05480500
05481000
05481300
05481500
05481650
05481950
05482000
05482135
05482300
05482500
05483450
05483600
05484000
05484500
05484650
05484900
05485500
05486490
05487470
05487980
05488000
05488110
05488500
05489000
05489500
05490500
05490600
05495000
05495500
05496000
05497000
05497150
05498000
05498150
05498700
05500000
05501000
05502300
05502500
05503500
05504800
05504900
05505000
05506350
05506500
05506800
05507000
05507500
05507800
05508805
05514500
05515500
05516500
05517000
05517500
05517530
05518000
05520500
05522500
05524500
05525000
05525500
05526000
05527500
05528000
05529000
05532500
05536290
05536995
05540500
05542000
05543500
05545750
05546500
05550000
05550001
05551000
05551540
05552500
05554500
05555300
05555500
05556500
05558300
05563500
05567500
05568000
05568500
05569500
05570000
05570910
05571000
05572000
05572500
05573540
05574500
05575500
05576000
05576500
05578500
05579500
05580000
05580500
05581500
05582000
05583000
05584500
05585000
05585500
05585830
05586100
05587000
05587900
05590950
05591200
05592000
05592100
05593000
05593520
05593525
05593945
05594000
05594100
05594800
05595000
05596000
05597000
05599000
05599490
05AA008
05AA028
05AB005
05AF010
05AH041
05AH050
05BA001
05BD005
05BG006
05BH009
05BJ005
05BJ006
05CA001
05CA012
05CB002
05CC008
05CK007
05DB001
05DB003
05DC011
05DE003
05DE007
05DF003
05DF004
05DF006
05ED002
05EE009
05EF004
05EF005
05FF003
05GF001
05GF002
05GG010
05HA015
05HD036
05JB004
05JC004
05JE002
05JH005
05JL002
05JM010
05KB003
05KC001
05KE005
05KF001
05KG002
05KG007
05KH007
05LB002
05LB006
05LC001
05LC004
05LD001
05LD003
05LE004
05LE006
05LE008
05LH005
05LJ005
05LJ007
05LJ011
05LL007
05LL015
05MC001
05MD005
05ME003
05MF001
05MF008
05MG001
05MH006
05MH007
05NE003
05NF010
05NF013
05NG019
05OA008
05OC016
05OE004
05OE006
05OE007
05OE010
05OF011
05OF020
05PB018
05PC011
05PH003
05QA001
05QA002
05QE008
05QE012
05RA001
05RA002
05RB003
05RC001
05RD008
05RE001
05SA002
05TB002
05TD001
05TE002
05TF002
05TG002
05TG003
05UA003
05UF004
05UG001
05UH001
05UH002
06011000
06012500
06013500
06014000
06014500
06015400
06015500
06016000
06017000
06018500
06019500
06020600
06021000
06021500
06023100
06024450
06024540
06024580
06024590
06025250
06025500
06026500
06033000
06034500
06036650
06036905
06037500
06038500
06038800
06040000
06040800
06041000
06043500
06048700
06052500
06054500
06065500
06066500
06071100
06071300
06073500
06076690
06077200
06077500
06078200
06078500
06079000
06080900
06082200
06085800
06088500
06089000
06090500
06090570
06090800
06091700
06092000
06098100
06099000
06101200
06101500
06101560
06102000
06102050
06108000
06108800
06109500
06110000
06111000
06114700
06118500
06119600
06120500
06122800
06123030
06123500
06125700
06126050
06126500
06127500
06130000
06130500
06130700
06131000
06131120
06139500
06154400
06154500
06154550
06164800
06166000
06167500
06170200
06174000
06175000
06175540
06176500
06177000
06177500
06177825
06185110
06185500
06186500
06188000
06191000
06191500
06192500
06193500
06195600
06197500
06200000
06202600
06204500
06205000
06206000
06207500
06208500
06208800
06212500
06214000
06214500
06216900
06217750
06218500
06220500
06220800
06225000
06225500
06227600
06228000
06231000
06233900
06235500
06236100
06239000
06250000
06253000
06256650
06257000
06258000
06259000
06264000
06268500
06268600
06269000
06270000
06271000
06274300
06274500
06275000
06276500
06277500
06278000
06279500
06279940
06280000
06280300
06281000
06282000
06284200
06284400
06285000
06285100
06285400
06285500
06286200
06287000
06290500
06293500
06294000
06294690
06294700
06294940
06294995
06295000
06295250
06296120
06298000
06299980
06305500
06305700
06306000
06306250
06306300
06307500
06307600
06307616
06307740
06307800
06307830
06307990
06308400
06308500
06309000
06309075
06309500
06312500
06313000
06313400
06313500
06313590
06316400
06316500
06317000
06317020
06320200
06320400
06323500
06324000
06324500
06324710
06324970
06325500
06326300
06326500
06326555
06326600
06327500
06329200
06329500
06331000
06332000
06332770
06334000
06334500
06334630
06335000
06335500
06335750
06336000
06336500
06336600
06337000
06339100
06339300
06339500
06340000
06340500
06342500
06343000
06344000
06344300
06345000
06345500
06345780
06346500
06347000
06347500
06348000
06348300
06349000
06350000
06351000
06351200
06352000
06352500
06353000
06354000
06354500
06354580
06354815
06354882
06355000
06355500
06356500
06357800
06358000
06359000
06359500
06360000
06360500
06361000
06365900
06375600
06376300
06386000
06386500
06394000
06395000
06400000
06400500
06401500
06402600
06403700
06406500
06408500
06410500
06411500
06412200
06412500
06412900
06413700
06414000
06418900
06421500
06423500
06425100
06425500
06425720
06425780
06425900
06426500
06427500
06428200
06428500
06429905
06430500
06432020
06433000
06436000
06436700
06436760
06436800
06437000
06438000
06438500
06439000
06439300
06439500
06440200
06441000
06441500
06442500
06442900
06445000
06445685
06445700
06445980
06446000
06446500
06447000
06447230
06447450
06447500
06449100
06449300
06449500
06450500
06452000
06452320
06453255
06453500
06453600
06454000
06454100
06454500
06455500
06455900
06457500
06459175
06459200
06459500
06461000
06462000
06462500
06463500
06463720
06464100
06464500
06464900
06465000
06465310
06465500
06466500
06467500
06467600
06468000
06468170
06468250
06468500
06469400
06469500
06470000
06470500
06470878
06471000
06471200
06471500
06471550
06472000
06472500
06473000
06473500
06473700
06473750
06474000
06474300
06474500
06475000
06476000
06476500
06477000
06477150
06477500
06478000
06478390
06478500
06478513
06478518
06478535
06478600
06478690
06479010
06479980
06481500
06482020
06482100
06482610
06483270
06483290
06483500
06485500
06485696
06600100
06600500
06601200
06602020
06602400
06605000
06605600
06605850
06606600
06606700
06607200
06607500
06608500
06609500
06610000
06610770
06620000
06625000
06627000
06628800
06630000
06631500
06633500
06634600
06634620
06635000
06636000
06638090
06639000
06642000
06643000
06643500
06644000
06644500
06645000
06646500
06646600
06646800
06648000
06651500
06652000
06652800
06653300
06653500
06655000
06656000
06657000
06658500
06659500
06659502
06660000
06660500
06661500
06661585
06662000
06663500
06664400
06664500
06665000
06666500
06666600
06667060
06667500
06669850
06670000
06670500
06670900
06671000
06676550
06677010
06677500
06678000
06679500
06682000
06684500
06685000
06686000
06686500
06690500
06693000
06695000
06696000
06699005
06699500
06700000
06701500
06701900
06706400
06707000
06707500
06708000
06709000
06709500
06709530
06710000
06710245
06710247
06711500
06711565
06712500
06713000
06713300
06713500
06714000
06714215
06718300
06719500
06719505
06720000
06720500
06721000
06724000
06725450
06730200
06730500
06731000
06736500
06738000
06741500
06741510
06744000
06747500
06749000
06751150
06751490
06751500
06752000
06752260
06752280
06752500
06753500
06753990
06754000
06755960
06756000
06756100
06756500
06756995
06758500
06759000
06759100
06759500
06759910
06760000
06760500
06762500
06763500
06764880
06765000
06765500
06771000
06772000
06777000
06777500
06778000
06779000
06779500
06780000
06782500
06783500
06784000
06785000
06785500
06786000
06786500
06787000
06787500
06788500
06789000
06790500
06791500
06791800
06792000
06793000
06794000
06794500
06795500
06796973
06797500
06798000
06798300
06798500
06798800
06799000
06799100
06799350
06799385
06799450
06799500
06800000
06800500
06803080
06803486
06803500
06803513
06803555
06804000
06804700
06805000
06806500
06807320
06807410
06808500
06809210
06809500
06810000
06810500
06811500
06813000
06813500
06814000
06814500
06815000
06817000
06817500
06817700
06818750
06818900
06820410
06820500
06821150
06821190
06824500
06825000
06825500
06826500
06827000
06827500
06828500
06829500
06831500
06832500
06833500
06834000
06835000
06835500
06836500
06837000
06837300
06837500
06838000
06839000
06841000
06842500
06843000
06843500
06844000
06844500
06844900
06845000
06845110
06845200
06846000
06846300
06846500
06847000
06847500
06847900
06848000
06848500
06849500
06850500
06851500
06853020
06853500
06853800
06854000
06854500
06855800
06856000
06856600
06857000
06857100
06858500
06859500
06860000
06861000
06862000
06862500
06862700
06862850
06863000
06863300
06863500
06864000
06864050
06864500
06865500
06866000
06866500
06866900
06867000
06867500
06868000
06868200
06869500
06869950
06870200
06871000
06871500
06871800
06872500
06873000
06873200
06873460
06873500
06874000
06875800
06875900
06876000
06876070
06876440
06876700
06876900
06877600
06878000
06878500
06878600
06879000
06879100
06879200
06879900
06880000
06880500
06880800
06881000
06881200
06881500
06882000
06882510
06882900
06883000
06883570
06883940
06884000
06884025
06884200
06884400
06884500
06885500
06886000
06887000
06887500
06888000
06888350
06888500
06889000
06889500
06890100
06890500
06890900
06891000
06891483
06891500
06892000
06892350
06892500
06893578
06896000
06897500
06898000
06898100
06898500
06899000
06899500
06899700
06900000
06900050
06901500
06902000
06904000
06904010
06904050
06904500
06905500
06906000
06906300
06906470
06906800
06907000
06908000
06910750
06911000
06911400
06912500
06913000
06913500
06914000
06914100
06915800
06916000
06916500
06916600
06917000
06917060
06917380
06917500
06917560
06917680
06918060
06918065
06918070
06918440
06918460
06918740
06919000
06919020
06919500
06919900
06920500
06921000
06921070
06921350
06921500
06921590
06921720
06921760
06922000
06922450
06923250
06923950
06924000
06926000
06926500
06926510
06927000
06927240
06927800
06928000
06928430
06928500
06930000
06930060
06932000
06933500
06934000
06935500
06AC001
06AD001
06AD010
06AF005
06AG001
06AG002
06BA002
06BB003
06BB004
06BB005
06BC001
06BD001
06CD002
06CE001
06DA002
06DA004
06DC001
06EA007
06FA001
06FB002
06FC001
06FD002
06GA001
06GB001
07010350
07013000
07014000
07014500
07016000
07016500
07018000
07018100
07018500
07019000
07021000
07023000
07024500
07025000
07025400
07025500
07026000
07026040
07026300
07027010
07027500
07027720
07027800
07028000
07028100
07028960
07029000
07029100
07029300
07029400
07029500
07030000
07030050
07030240
07030280
07030392
07030500
07031650
07031700
07031740
07034000
07035800
07036100
07037500
07039500
07040100
07040450
07046600
07047500
07047882
07047902
07047904
07047942
07047950
07048600
07049000
07050000
07050500
07050700
07052250
07052345
07052500
07052820
07053500
07054080
07055000
07055607
07055608
07056000
07056700
07057000
07057370
07057500
07058000
07060500
07061000
07061500
07062500
07063000
07064000
07064533
07065495
07066000
07066500
07067000
07068000
07068510
07068600
07068890
07069000
07069220
07069305
07069500
07070500
07071500
07072000
07072500
07073000
07074000
07074420
07074500
07074850
07075000
07075500
07076517
07076620
07077380
07077950
07083700
07083710
07086000
07087050
07087200
07091200
07091500
07093700
07093775
07094500
07095000
07096000
07096250
07096500
07097000
07099100
07099200
07099400
07099500
07099970
07104000
07104905
07105500
07105530
07105800
07106000
07106300
07106500
07108800
07108900
07109500
07116000
07116500
07117000
07119500
07119700
07121500
07123000
07123675
07124000
07124200
07124410
07124500
07125000
07126000
07126300
07126470
07126485
07126500
07128000
07128500
07130500
07133000
07134100
07134180
07137500
07138000
07138070
07139000
07139500
07140000
07140900
07141175
07141200
07141220
07141300
07141770
07141780
07141900
07142020
07142300
07142575
07142620
07142680
07143300
07143330
07143375
07143665
07143672
07144100
07144200
07144300
07144550
07144780
07144795
07144800
07145200
07145500
07146500
07146830
07147070
07147800
07148350
07148400
07148450
07149000
07150500
07151000
07151500
07152000
07153000
07154500
07155590
07156010
07156100
07156220
07157580
07157940
07157960
07158400
07159000
07159720
07159750
07160500
07165750
07166000
07166500
07167000
07168500
07169500
07169800
07170000
07170060
07170500
07170990
07171000
07171400
07171600
07172000
07173000
07174000
07174200
07174400
07174500
07174700
07175500
07176000
07176500
07177000
07177410
07177500
07178000
07178200
07178600
07179500
07179730
07179750
07179795
07180000
07180200
07180400
07182000
07182250
07182400
07182510
07183000
07183200
07183500
07184000
07185000
07185700
07185765
07186000
07186400
07187000
07187600
07188000
07188838
07188885
07189000
07190500
07191000
07191288
07191500
07192000
07193500
07195400
07195430
07195500
07196090
07196500
07197000
07198000
07199000
07203000
07203525
07207000
07211000
07211500
07214000
07216500
07218000
07218100
07220600
07221000
07221500
07222500
07224500
07226500
07227000
07227100
07227200
07227500
07228000
07228400
07228500
07229050
07229100
07229200
07229300
07230000
07230500
07230597
07230800
07231000
07232000
07232250
07232500
07232900
07233000
07233210
07233500
07233650
07234000
07236000
07237000
07237500
07238000
07239000
07239300
07239450
07239500
07239700
07241000
07241500
07241520
07241550
07241800
07242000
07242100
07242380
07243500
07245000
07247000
07247015
07248500
07249413
07250000
07251500
07257000
07257006
07257500
07258500
07259500
07260500
07260673
07261500
07262500
07263000
07263012
07264000
07268000
07272500
07274000
07275000
07278500
07280000
07281000
07281600
07283000
07285000
07285400
07285500
07288280
07288500
07288650
07288955
07289500
07289730
07290000
07290500
07290650
07292500
07296100
07297910
07298200
07298500
07299200
07299540
07299570
07299670
07300000
07300500
07301110
07301200
07301410
07301420
07301481
07301500
07303000
07303400
07303500
07304500
07305000
07307028
07307600
07307800
07308200
07308500
07311000
07311500
07311622
07311700
07311780
07311790
07311800
07311900
07312100
07312130
07312200
07312500
07312700
07313500
07314500
07315400
07315500
07315700
07315900
07316500
07324200
07324400
07324500
07325000
07325500
07326000
07326500
07327000
07327490
07327500
07327550
07328100
07328500
07329500
07329700
07330500
07331000
07332400
07332500
07332620
07332622
07334000
07335000
07335300
07335790
07336200
07336500
07337500
07337900
07338500
07338750
07339000
07340000
07340500
07341200
07341301
07342500
07343000
07343200
07343450
07343500
07344000
07344210
07344493
07344500
07346000
07346045
07346050
07346070
07347500
07348000
07348700
07349000
07349430
07349500
07350000
07350020
07351600
07351750
07353000
07356000
07357501
07359001
07359002
07359800
07359910
07360000
07360501
07361000
07361600
07362000
07362100
07362500
07363000
07363200
07363400
07363500
07364100
07364300
07364890
07365000
07366000
07367000
07367005
07367630
07369680
07369700
07370500
07371500
07372000
07372050
07372200
07375500
07376000
07377000
07378000
07378500
07380120
07382000
07382500
07383500
07384000
07AA004
07AA009
07AC007
07AE001
07AF013
07AF015
07AG001
07AG003
07AG004
07AH002
07BB003
07BB005
07BC006
07BF009
07BK001
07BK006
07CD004
07CD006
07DA001
07DA008
07EA001
07EA002
07EA004
07EA005
07EA007
07EB002
07EC002
07EC003
07EC004
07ED001
07ED003
07EE007
07EE009
07EE010
07FA001
07FA005
07FA006
07FB001
07FB002
07FB003
07FB006
07FB008
07FB009
07FC001
07FC003
07FD001
07FD006
07FD007
07FD011
07GC002
07GD001
07GD002
07GE001
07GG001
07GG003
07GH002
07GJ001
07JA003
07JD002
07JF002
07LB002
07LD002
07MA003
07MB001
08012000
08012150
08013000
08013500
08014500
08015000
08015500
08017410
08017500
08018500
08019000
08019200
08019500
08020000
08020450
08020900
08022040
08022500
08024400
08026000
08028000
08028500
08031200
08032000
08032500
08033000
08033500
08034500
08036500
08037000
08038000
08038500
08039500
08040600
08041000
08041500
08041700
08041749
08041780
08042800
08043950
08044000
08044500
08046000
08047000
08047500
08048000
08048543
08049500
08050100
08050500
08051000
08051130
08051500
08053000
08053500
08054000
08055000
08055500
08057000
08057410
08061000
08061750
08062000
08062500
08062650
08062700
08062895
08062900
08063000
08063020
08063100
08063500
08064100
08064500
08064800
08065000
08065350
08065500
08065800
08066000
08066100
08066191
08066250
08066500
08067000
08067610
08067650
08068000
08068090
08068500
08068800
08069000
08070000
08070200
08071280
08073500
08073600
08073700
08074000
08079575
08079600
08080500
08080700
08080950
08081000
08081200
08082000
08082180
08082500
08083230
08083240
08083245
08084000
08084800
08085500
08086050
08086100
08086212
08086290
08086500
08087300
08088000
08088600
08088610
08089000
08090500
08090800
08091000
08091500
08092000
08093100
08093360
08093500
08095000
08095200
08095600
08096500
08098290
08099100
08099300
08099500
08100000
08100500
08101000
08102500
08103800
08104000
08104100
08104500
08104700
08105000
08105300
08105400
08105700
08106300
08106310
08106350
08106500
08108250
08108700
08109000
08109700
08109800
08110000
08110100
08110200
08110325
08110400
08110500
08110800
08111000
08111010
08111700
08117500
08119500
08120500
08120700
08121000
08121500
08123500
08123650
08123800
08123850
08123900
08124000
08126380
08126500
08127000
08128000
08128500
08129300
08130500
08130700
08131000
08133250
08133500
08134000
08134250
08135000
08136000
08136500
08136700
08138000
08140700
08140800
08143500
08143600
08144500
08144600
08145000
08148500
08150000
08150700
08150800
08151500
08152000
08152900
08153500
08159000
08164000
08164300
08164350
08164390
08164450
08164500
08165500
08166140
08166200
08167000
08167500
08167800
08168500
08169500
08169792
08171000
08171300
08172000
08173000
08173900
08174600
08175000
08175800
08176500
08176900
08176990
08177000
08177500
08178880
08179000
08180500
08180640
08180700
08180720
08180800
08181480
08181500
08181800
08183500
08184000
08185000
08185500
08186000
08186500
08188500
08188800
08189300
08189500
08189700
08190000
08190500
08192000
08193000
08194000
08194200
08194500
08194600
08195000
08197500
08198000
08198500
08205500
08206600
08206700
08206910
08207000
08207500
08208000
08210000
08211000
08211500
08211800
08211900
08212400
08217500
08219500
08220000
08221500
08223000
08227000
08240000
08243500
08246500
08248500
08249000
08250000
08250500
08251500
08255500
08260500
08261000
08263500
08268700
08275300
08276000
08276300
08276500
08279000
08279500
08281100
08283500
08284100
08285500
08286500
08287000
08287500
08289000
08290000
08313000
08314500
08317200
08317400
08317850
08317950
08318000
08319000
08323000
08324000
08328950
08329000
08329500
08329928
08330000
08332000
08332010
08334000
08340500
08341500
08342000
08343000
08353000
08354000
08354900
08355000
08355500
08358400
08358500
08358550
08359500
08360000
08361000
08362500
08376300
08379500
08382000
08382500
08382600
08382650
08382800
08382830
08383000
08383500
08384500
08385520
08386000
08388000
08389500
08390100
08390500
08390800
08394100
08394500
08396000
08397600
08397620
08398500
08401200
08401500
08401900
08402000
08404000
08405105
08405150
08405200
08405500
08406000
08408500
08411500
08431800
08433000
08435800
08447020
08447300
08449000
08477500
08477530
08478400
08BB001
08CB001
08CC001
08CD001
08CE001
08CF001
08CG003
08CG004
08CG005
08CG006
08DB001
08DD001
08EB003
08EB004
08EB005
08EC001
08EC013
08ED001
08ED002
08EE004
08EE013
08EE020
08EF001
08EF005
08EG011
08EG012
08FB006
08FB007
08FC003
08FE003
08FF001
08FF002
08GA071
08GD004
08GD007
08GD008
08GE002
08HA001
08HA010
08HB002
08HD011
08HF005
08JB002
08JB003
08JE001
08KA001
08KA004
08KA005
08KA007
08KA008
08KB001
08KB003
08KC001
08KC003
08KD001
08KD003
08KD004
08KD006
08KD007
08KE009
08KE016
08KF001
08KG001
08KG003
08KH001
08KH003
08KH006
08KH010
08KH019
08LA001
08LA004
08LA007
08LA008
08LA013
08LB020
08LB047
08LB064
08LB069
08LD001
08LE024
08LE027
08LE031
08LF051
08LG008
08LG048
08MA001
08MA002
08MB005
08MB006
08ME025
08MF003
08MF065
08MG001
08MG005
08MG008
08MG013
08NA002
08NA006
08NA045
08NB005
08NB012
08NB014
08NB019
08NC004
08ND009
08ND012
08ND013
08NE001
08NE006
08NE039
08NF002
08NF006
08NG012
08NG046
08NG051
08NG053
08NG065
08NG078
08NH005
08NH007
08NH034
08NH119
08NH130
08NJ013
08NK002
08NK012
08NK016
08NK018
08NK020
08NL024
08NL050
08NN002
08NN022
08NP001
08OA002
09019000
09019500
09033300
09034000
09034250
09034500
09038500
09041400
09041500
09050700
09053500
09057500
09058000
09058030
09060770
09067005
09067020
09070000
09070500
09072500
09080200
09080400
09081000
09082500
09083800
09085000
09085100
09087600
09093500
09093700
09095000
09095500
09097900
09105000
09106150
09109000
09110000
09112200
09112500
09114500
09117000
09118450
09119000
09122000
09124500
09124700
09126500
09127000
09128000
09131500
09132500
09134100
09135950
09136100
09136200
09144200
09144250
09147025
09147500
09149500
09150500
09151500
09152500
09163310
09163490
09163500
09166500
09168730
09169500
09171100
09172500
09174000
09174600
09175500
09177000
09180000
09180500
09185500
09187500
09188500
09201000
09205000
09209400
09209500
09211200
09213500
09215550
09216000
09216050
09216545
09216750
09219000
09222000
09222400
09223500
09224700
09225000
09229500
09235300
09237450
09237500
09239500
09240020
09241000
09242500
09244400
09244410
09246400
09246500
09249750
09251000
09251100
09253000
09255500
09256000
09257000
09259700
09260000
09260050
09261000
09263500
09271000
09271500
09271550
09277000
09277500
09277501
09279100
09279150
09279500
09279501
09285000
09285700
09285900
09288100
09288180
09288400
09288500
09293500
09293600
09294000
09294500
09295000
09297700
09297800
09297900
09300500
09301200
09301500
09302000
09302800
09303000
09304115
09304200
09304500
09304600
09304800
09306061
09306200
09306222
09306224
09306255
09306290
09306300
09306380
09306395
09306430
09306500
09306800
09306850
09306878
09306900
09307000
09307300
09307500
09307900
09308000
09309000
09313000
09314000
09314250
09314500
09315000
09324500
09325000
09325100
09327500
09327550
09328000
09328100
09328500
09329500
09330000
09332100
09332500
09332700
09333500
09334500
09337500
09339500
09342500
09346400
09349500
09349800
09353500
09353800
09354500
09355500
09356500
09357000
09359500
09361500
09362520
09363200
09363500
09364010
09364500
09365000
09366500
09367000
09367500
09367680
09367950
09368000
09371000
09371010
09371500
09371520
09371700
09372000
09378600
09378700
09379000
09379200
09379500
09381500
09381800
09382000
09384000
09385500
09385700
09386030
09386500
09386950
09387300
09388000
09394500
09395350
09395500
09395900
09396100
09397000
09397300
09397500
09398500
09399000
09399400
09400000
09400350
09400562
09400568
09401000
09401110
09401260
09401400
09401500
09402000
09403600
09403780
09404110
09404208
09404343
09404900
09405500
09405501
09406000
09406100
09407000
09407200
09408135
09408150
09409880
09410000
09410100
09410400
09413000
09413200
09413500
09413700
09414900
09415000
09415190
09415230
09415550
09415850
09416000
09417500
09418500
09418700
09419000
09419507
09419515
094196783
09419700
09419753
09419756
09419790
09419800
09424447
09424900
09425500
09430500
09431500
09432000
09442000
09442680
09443000
09444000
09444200
09444500
09446500
09447000
09447800
09448500
09457000
09458500
09466300
09466500
09467100
09468500
09469500
09470000
09470500
09471000
09471550
09471800
09472000
09472050
09473000
09473500
09474000
09477570
09479350
09479500
09481500
09481740
09481770
09482000
09482500
09484500
09484560
09484600
09485450
09485700
09485850
09486055
09486300
09486350
09486500
09486520
09486800
09487000
09488500
09489000
09489100
09489499
09489500
09490500
09494000
09494300
09496000
09496500
09497500
09497800
09497850
09497980
09498400
09498800
09499000
09502000
09502800
09503700
09504000
09504420
09504430
09504500
09505550
09505800
09506000
09507980
09508500
09510000
09511300
09512165
09512400
09512406
09512495
09512500
09512501
09512800
09513650
09513910
09513970
09514100
09514300
09515500
09516500
09517000
09517500
09518000
09518500
09519500
09519800
09520170
09520280
09520360
09520500
09520700
09537500
09AA014
10014000
10016900
10020100
10020300
10020500
10026500
10027000
10028500
10038000
10039500
10044000
10068500
10075000
10079500
10080000
10086500
10090500
10092700
10102200
10102250
10106000
10107500
10109000
10109001
10113500
10115200
10118000
10125500
10125600
10125800
10126000
10129300
10129500
10130500
10131000
10132000
10133500
10136000
10136500
10137000
10140000
10140100
10141000
10146400
10146500
10148500
10150500
10152000
10155000
10155200
10155300
10159500
10163000
10174500
10180000
10183500
10184450
10187500
10189000
10191500
10194000
10205000
10206000
10216210
10217000
10219000
10224000
10237000
10239000
10251220
10251250
10251255
10251258
10261100
10277400
10277500
10293000
10293050
10296500
10297500
10300000
10308200
10309000
10309100
10310407
10311000
10311400
10311700
10312000
10312150
10315500
10317500
10318500
10321000
10321590
10321940
10321950
10322000
10322500
10323000
10324500
10328450
10328475
10328500
10329000
10337500
10338000
10339419
10346000
10347460
10348000
10348200
10350000
10350340
10350400
10351600
10351650
10351700
10352500
10359300
10366000
10371500
10384000
10393500
10396000
10401500
10402000
10403000
10AC002
10AC003
10AC004
10BA001
10BB001
10BB002
10BE004
10BE007
10CB001
10CC002
10CD001
10CD004
11012000
11013000
11022480
11022500
11023000
11029000
11030500
11039800
11040000
11041000
11042000
11043000
11044000
11044300
11044500
11046000
11051499
11051500
11056000
11056200
11065801
11066440
11066460
11066500
11067500
11067890
11068000
11070150
11070210
11070365
11070375
11070500
11083500
11085000
11087500
11088000
11097500
11098500
11103000
11106550
11108000
11108500
11109000
11109375
11109525
11109550
11110000
11113000
11113001
11114000
11123000
11123500
11126000
11128000
11128500
11129500
11130500
11131000
11131500
11132000
11133000
11133500
11134000
11134500
11135000
11135500
11136800
11137000
11138100
11138500
11140000
11140585
11141000
11143250
11147500
11147800
11149400
11149500
11149700
11149900
11150000
11151300
11151700
11152000
11152050
11152300
11152500
11153700
11156500
11157500
11158500
11158600
11159000
11170000
11171500
11172175
11176900
11177000
11179000
11180700
11185350
11186000
11186001
11187000
11189500
11191000
11192500
11192501
11193000
11194000
11197800
11203200
11203500
11204900
11205000
11209900
11210500
11210950
11212500
11213000
11213500
11216200
11216500
11218400
11218500
11221500
11226500
11234750
11234760
11235000
11238600
11242000
11246700
11247000
11251000
11253000
11255500
11255575
11258000
11261500
11266500
11268000
11268200
11268500
11270000
11270900
11271290
11272500
11274790
11276500
11276600
11276900
11278300
11278400
11288000
11289650
11289651
11289660
11290000
11292615
11292700
11292900
11293000
11293200
11295300
11295400
11295401
11299500
11302000
11303000
11303500
11308900
11309500
11316600
11316670
11316700
11319500
11321000
11323500
11325500
11329500
11333500
11334500
11335000
11336000
11339500
11342000
11345500
11348200
11348500
11349000
11352500
11367500
11367760
11367800
11368000
11370500
11372000
11374000
11374400
11375810
11375820
11375870
11376000
11376500
11376550
11377100
11378000
11382000
11383500
11387000
11388000
11388500
11389000
11389500
11390500
11391000
11392100
11392500
11393500
11394500
11397500
11399500
11401112
11413000
11413100
11413500
11413517
11413520
11417000
11417500
11418000
11421000
11421500
11424000
11427000
11431000
11433200
11433300
11433500
11433800
11434000
11443000
11443500
11443501
11444500
11445500
11446500
11447000
11451000
11451500
11451760
11452000
11452500
11454000
11455000
11458000
11462500
11463000
11463980
11464000
11465350
11466800
11467000
11468000
11469000
11470500
11471500
11472150
11472500
11472800
11473000
11473900
11474500
11475000
11475800
11476500
11477000
11478500
11480750
11481000
11482500
11491400
11493500
11497500
11499100
11501000
11502500
11507500
11517000
11517500
11519500
11522300
11522400
11522500
11525500
11525655
11525854
11526250
11527000
11528100
11528200
11528500
11528700
11529000
11530000
11532000
11532500
11AC025
11AE007
11AE009
12017000
12027500
12031000
12035000
12035002
12039500
12040500
12041000
12041200
12044900
12045500
12061500
12086500
12088400
12088500
12089500
12096500
12097000
12097850
12098500
12099200
12100000
12100490
12100496
12100500
12101500
12105900
12106500
12106700
12113000
12113350
12126500
12133000
12134500
12144500
12149000
12150800
12162500
12167000
12173500
12188400
12189500
12193400
12193500
12194000
12199000
12200500
12207200
12210500
12210700
12211500
12213100
12301300
12301999
12302000
12302055
12303500
12323600
12324200
12324400
12324590
12324680
12329500
12331500
12331600
12331800
12331900
12334510
12334550
12335100
12338300
12338500
12339450
12339800
12340000
12340500
12342500
12343400
12343500
12344000
12350250
12351200
12352000
12352500
12353000
12353300
12354000
12354500
12357000
12358500
12359000
12359800
12362500
12363000
12365000
12367500
12370000
12372000
12388200
12388700
12389000
12389500
12391000
12391400
12391950
12392000
12392390
12394000
12395000
12395500
12396500
12398500
12398600
12408000
12409000
12411000
12413000
12413250
12413300
12413470
12413500
12413860
12414500
12414900
12415000
12415140
12419000
12421500
12422500
12424000
12433000
12434500
12434590
12442300
12447383
12448000
12448500
12448998
12449500
12449950
12451000
12452500
12452800
12452990
12453000
12455000
12457000
12459000
12462500
12465000
12465400
12465500
12467000
12471400
12471500
12472500
12472600
12479000
12479500
12484500
12492500
12494000
12500450
12505000
12508990
12510500
12513000
12513500
13010065
13011000
13011900
13012000
13013650
13014500
13015000
13018750
13019500
13022500
13023000
13026500
13027500
13028500
13032500
13037500
13038500
13041010
13042500
13046000
13046995
13047500
13047600
13049500
13050500
13052200
13054000
13055000
13055340
13056500
13057000
13057940
13058000
13062500
13063000
13066000
13069500
13072000
13073000
13075000
13075500
13075910
13076200
13077000
13077650
13078000
13078205
13081500
13082500
13090000
13090500
13092747
13093000
13093095
13094000
13096000
13105000
13108000
13108150
13108500
13108900
13112000
13113500
13116500
13117000
13117020
13117030
13119000
13120500
13127000
13132500
13135000
13139000
13139500
13140800
13141000
13141500
13142500
13147900
13148000
13148500
13152500
13153500
13154400
13161500
13167000
13168500
13169500
13171620
13172500
13174500
13175100
13176000
13177200
13177800
13181000
13183000
13184000
13184500
13185000
13186000
13190500
13194500
13200000
13201000
13202000
13205500
13206000
13210050
13212500
13213000
13213100
13214000
13215000
13216500
13217500
13220000
13226500
13227000
13235000
13237500
13237920
13238000
13245000
13246000
13247500
13249500
13250000
13251000
13258500
13264500
13265500
13266000
13269000
13273000
13274200
13275000
13275500
13277000
13285500
13286700
13289500
13290000
13290190
13290200
13292000
13295500
13296500
13298000
13298500
13302000
13302500
13305000
13305310
13306500
13307000
13309220
13310000
13310199
13310700
13313000
13314300
13315000
13316500
13317000
13318500
13318800
13319000
13323500
13329770
13331450
13331500
13332500
13333000
13335050
13335690
13335700
13336100
13336500
13337000
13337500
13338000
13338500
13339000
13339500
13340000
13340500
13340600
13341050
13341500
13342450
13342500
13344500
13345000
13345300
13346000
13346100
13349210
13349400
13351000
13352500
14017000
14017500
14018500
14020700
14020850
14021000
14025000
14026000
14032000
14033500
14034350
14036000
14036600
14038500
14038530
14040500
14041500
14044000
14046000
14046500
14046778
14047390
14048000
14054000
14057000
14063000
14064500
14066000
14070500
14076500
14078000
14079500
14079800
14080250
14080500
14087300
14087380
14087400
14087500
14091500
14092110
14092500
14097100
14101500
14103000
14110000
14111400
14112500
14113000
14120000
14122900
14123500
14128500
14137000
14137002
14142500
14144800
14145500
14147500
14148000
14150000
14152000
14154500
14155500
14157500
14158000
14159000
14159110
14159500
14162500
14163150
14163900
14165500
14166000
14169000
14170000
14173500
14174000
14178000
14181500
14183000
14184100
14186500
14186700
14187200
14187500
14189000
14190500
14191000
14194000
14194150
14197900
14198000
14200000
14201000
14201340
14202000
14206500
14207500
14209500
14210000
14211000
14211010
14211720
14216000
14218000
14220500
14223500
14226500
14231000
14231900
14232500
14233400
14233500
14235000
14238000
14238800
14241100
14242500
14242511
14242512
14242513
14242580
14243000
14301000
14305500
14306500
14307620
14308000
14308600
14310000
14312000
14313700
14315500
14315700
14316455
14316500
14316700
14319500
14320700
14321000
14323100
14327000
14328000
14330000
14334700
14335000
14337500
14337600
14339000
14357500
14359000
14361500
14362000
14366000
14369500
14372300
14377000
14377100
14378000
14378200
14400000
