basin_id,sum(fast_paras),sum(xSSA_sobol_indexes["paras"]["msi"]["Q"])
03328500,0.618606,0.665921
03266000,0.619358,0.663468
05AH050,-9999.000000,0.585241
02118000,0.649815,0.678072
04FC001,-9999.000000,0.585043
03015500,0.735521,0.653173
04269000,0.749273,0.638551
06483500,0.533194,0.603902
12447383,0.744605,0.444242
05051300,0.509041,0.598389
02RH049,-9999.000000,0.592669
08GD004,-9999.000000,0.527819
05429500,0.588286,0.619839
04086600,0.599624,0.634381
01563200,0.699353,0.651788
07069305,0.653459,0.656023
03282120,0.687427,0.695852
02469761,0.659310,0.707611
02479000,0.646556,0.691106
02197500,0.646338,0.698699
07211500,0.451345,0.633053
10322500,0.620081,0.527444
07099400,0.504576,0.598082
07GG001,-9999.000000,0.608110
02013100,0.700692,0.669565
07335790,0.645400,0.658724
02443500,0.674804,0.669801
06659502,0.719071,0.530593
01421000,0.749443,0.632013
03524000,0.671229,0.689505
09511300,0.539372,0.564407
08JB003,-9999.000000,0.587642
01608500,0.697952,0.680690
02KJ007,-9999.000000,0.618223
06099000,0.544879,0.608541
10155300,0.732995,0.508104
06307616,0.500147,0.611784
02096960,0.630802,0.676308
02425000,0.651849,0.687081
07047950,0.620755,0.663586
05368000,0.589721,0.613313
04101000,0.617932,0.662406
05267000,0.572450,0.612921
12398600,0.726110,0.557826
02163500,0.668359,0.685600
07165750,0.528810,0.614345
07301420,0.429292,0.564360
07028960,0.649946,0.663917
04103010,0.632191,0.650771
07DA008,-9999.000000,0.585346
09490500,0.628804,0.578188
08211500,0.412919,0.622162
09050700,0.752849,0.484545
05KG002,-9999.000000,0.573886
05057200,0.483814,0.575697
07264000,0.623907,0.653728
01154500,0.749306,0.624343
07052345,0.631989,0.642527
01085500,0.753070,0.625062
05430500,0.585871,0.632427
06450500,0.444288,0.618368
01619500,0.664801,0.662159
03161000,0.708142,0.664475
11463000,0.722274,0.486327
13316500,0.749239,0.504208
03232000,0.620871,0.670860
04124000,0.688248,0.635104
07BK001,-9999.000000,0.595516
09315000,0.545749,0.575572
03081000,0.720256,0.666622
08KD001,-9999.000000,0.573477
09470000,0.468006,0.600004
07074000,0.659858,0.654322
05429700,0.587209,0.620668
06463500,0.418671,0.609906
01034000,0.760535,0.601841
06806500,0.543040,0.614447
05389000,0.602696,0.615078
02313230,0.485597,0.682464
02339500,0.657930,0.702952
08091500,0.528309,0.589060
05569500,0.599031,0.654693
11502500,0.736118,0.540437
05470500,0.567090,0.625579
13046995,0.757265,0.496340
01048000,0.758366,0.605920
08185500,0.523404,0.602359
01017000,0.759784,0.612920
08188800,0.515245,0.642412
07260500,0.650730,0.654540
02465000,0.664113,0.699034
05LH005,-9999.000000,0.584807
05410490,0.618734,0.630400
06349000,0.460019,0.593323
08144600,0.413933,0.597218
05DC011,-9999.000000,0.577340
06468250,0.486086,0.585587
08EE004,-9999.000000,0.567696
14103000,0.676404,0.583981
06441500,0.465312,0.604663
02147020,0.646956,0.697420
05527500,0.608223,0.670718
06077200,0.600345,0.599177
02129000,0.641158,0.696261
06FB002,-9999.000000,0.519270
06930000,0.658353,0.655656
06601200,0.465160,0.669462
11325500,0.714945,0.479947
07GG003,-9999.000000,0.604430
07191500,0.581493,0.670314
04150500,0.632459,0.651882
11390500,0.719701,0.539720
05427085,0.584171,0.631692
11481000,0.741942,0.530800
13273000,0.738539,0.541974
06353000,0.431077,0.595382
14033500,0.642508,0.594143
07096250,0.480543,0.570606
12413860,0.751005,0.560169
06696000,0.512776,0.551326
14377100,0.742493,0.540047
04237500,0.687500,0.671640
08210000,0.411742,0.620193
06439000,0.465848,0.588992
08NL024,-9999.000000,0.566577
05520500,0.618316,0.670174
01388500,0.725461,0.638082
01402000,0.665766,0.653444
06305700,0.637212,0.580803
10141000,0.715864,0.543861
06AG001,-9999.000000,0.590496
06926000,0.600476,0.673216
06478513,0.497490,0.621713
02LD005,-9999.000000,0.622497
03KC004,-9999.000000,0.537190
05017500,0.763223,0.518746
03282000,0.688101,0.694932
03AC004,-9999.000000,0.612621
03129000,0.651537,0.682328
01367500,0.739089,0.636824
11475800,0.734839,0.510863
14137000,0.739553,0.562023
01198125,0.742528,0.634015
01334500,0.745283,0.628715
04149000,0.618898,0.652352
08143600,0.478623,0.590260
05583000,0.593679,0.668564
02357000,0.589933,0.665908
05568000,0.607903,0.659959
12331800,0.628495,0.585410
14369500,0.747531,0.534084
05GG010,-9999.000000,0.568467
07049000,0.669402,0.645795
12113000,0.747837,0.630079
03467000,0.648826,0.700803
06930060,0.659036,0.659391
01161000,0.750843,0.615637
03176500,0.676546,0.679265
03345500,0.611534,0.671992
03362500,0.622126,0.667381
07AG004,-9999.000000,0.610703
12099200,0.713613,0.553941
07FB002,-9999.000000,0.599534
13042500,0.756346,0.492573
02207220,0.636142,0.673459
06054500,0.635250,0.578592
06259000,0.515079,0.574398
03341500,0.614402,0.682451
04193500,0.611345,0.668402
03097550,0.663301,0.677344
13237920,0.751965,0.472007
14120000,0.731811,0.537823
06FC001,-9999.000000,0.530315
02240000,0.444079,0.682885
11123500,0.705217,0.406297
02323592,0.564950,0.704392
03353611,0.612626,0.674032
11266500,0.712740,0.430100
11152050,0.717871,0.454894
05BH009,-9999.000000,0.600566
06120500,0.555484,0.603708
13063000,0.750454,0.533448
13041010,0.759493,0.480141
06089000,0.559055,0.587068
09180000,0.616360,0.583153
11109375,0.716102,0.424546
02312600,0.497571,0.681758
05525000,0.598695,0.652587
06917560,0.587607,0.630903
04155500,0.630217,0.628893
07EA005,-9999.000000,0.570308
07185765,0.613495,0.646845
08153500,0.506156,0.591670
06917060,0.584055,0.632806
09520500,0.430766,0.606185
09406000,0.608396,0.568116
01112500,0.733888,0.639372
04077400,0.659550,0.618734
04199500,0.654132,0.670247
07363000,0.662315,0.667191
10339419,0.701407,0.450233
04155000,0.631469,0.629646
011230695,0.742832,0.637905
06442900,0.502904,0.591226
06048700,0.687882,0.597565
04066003,0.669660,0.623671
01350180,0.750714,0.622591
13047500,0.757071,0.503163
05059700,0.498711,0.581251
12465000,0.632204,0.578622
11177000,0.664217,0.471316
06803500,0.497022,0.617044
03202000,0.672391,0.676480
13057940,0.723035,0.544496
01568000,0.712316,0.643700
06919500,0.619584,0.646893
05340500,0.600291,0.623653
02173051,0.590145,0.681088
12301300,0.756022,0.543320
10020100,0.672923,0.516905
11370500,0.726774,0.525669
02173030,0.590940,0.678748
08GA071,-9999.000000,0.530679
11046000,0.633280,0.448201
06024450,0.732287,0.508921
07260673,0.656406,0.656772
11289650,0.720298,0.478520
04065722,0.671727,0.622448
03150000,0.656551,0.685329
06786000,0.411552,0.622247
01010500,0.761765,0.600798
09489000,0.357658,0.550619
06876900,0.463606,0.624044
08220000,0.708658,0.495804
06479010,0.495361,0.610642
06868200,0.443532,0.612383
02QA017,-9999.000000,0.595283
03409500,0.702013,0.691876
09211200,0.642343,0.511425
11157500,0.676773,0.444974
05094000,0.543275,0.586547
14310000,0.753524,0.574718
06425100,0.543632,0.623853
07094500,0.540805,0.552574
09349800,0.697934,0.527982
02YJ001,-9999.000000,0.600346
02372250,0.624425,0.667869
03065000,0.744855,0.659414
07242380,0.514656,0.607518
11276600,0.718782,0.443148
09060770,0.726998,0.521167
13351000,0.679447,0.606985
05436500,0.609000,0.625023
12353000,0.699288,0.557325
14194150,0.737691,0.615846
07061500,0.673424,0.660218
05064000,0.551278,0.587006
03335000,0.623965,0.666298
09112500,0.746978,0.485837
07147070,0.517202,0.603595
02OJ024,-9999.000000,0.632798
08164450,0.567667,0.637498
02404400,0.671523,0.680537
06630000,0.668909,0.560185
04136500,0.681245,0.633340
10217000,0.608500,0.567654
10321940,0.607115,0.522182
02042500,0.632646,0.666356
13038500,0.751585,0.495859
01034500,0.758514,0.612143
02336490,0.668845,0.688212
01BG009,-9999.000000,0.575410
12150800,0.737361,0.596817
06476000,0.502142,0.609669
09304115,0.763901,0.485013
08KC003,-9999.000000,0.603617
06866500,0.409260,0.633199
05316580,0.518564,0.613575
11367800,0.748682,0.476285
04228500,0.708302,0.657786
03364000,0.631642,0.671670
03424730,0.697698,0.679609
02312500,0.499810,0.681512
05379500,0.613178,0.625372
08070000,0.598869,0.644466
05OC016,-9999.000000,0.576618
02231000,0.565904,0.663190
03070500,0.721779,0.682657
05463000,0.565300,0.612415
13052200,0.753510,0.516621
01400500,0.691415,0.648066
09279150,0.701060,0.496544
02326900,0.565723,0.664219
02236125,0.477780,0.709685
06040800,0.728621,0.525403
13258500,0.746093,0.510269
10130500,0.722149,0.529985
05LD001,-9999.000000,0.566532
09402000,0.406666,0.612236
06191000,0.747296,0.514734
01570500,0.715798,0.667119
02133624,0.598821,0.675767
02091814,0.607823,0.694623
06807410,0.547709,0.627098
13141000,0.736144,0.455523
06114700,0.511078,0.629547
03214500,0.682779,0.692147
06200000,0.721574,0.578172
08HA010,-9999.000000,0.627390
04262500,0.761962,0.641356
07ED003,-9999.000000,0.578793
02217770,0.656301,0.676822
08NH119,-9999.000000,0.502434
08EB004,-9999.000000,0.579405
02354500,0.602074,0.665621
06426500,0.425662,0.600957
02105500,0.622064,0.691605
08103800,0.491513,0.594810
01173500,0.740266,0.625499
04263000,0.747574,0.649082
11303000,0.711741,0.481186
08268700,0.526734,0.564982
03041500,0.713960,0.665572
05517530,0.623304,0.668329
05471000,0.563074,0.622539
08099300,0.472773,0.580619
09418700,0.560774,0.536889
07247015,0.653846,0.650303
08EB005,-9999.000000,0.552975
03421000,0.696421,0.693186
01030500,0.759665,0.612678
11446500,0.721935,0.504266
04114498,0.611204,0.647462
07037500,0.672875,0.667686
07GH002,-9999.000000,0.610620
04199000,0.634390,0.666730
07171600,0.531414,0.608630
04183000,0.614738,0.666259
07123000,0.441984,0.646875
04DB001,-9999.000000,0.568419
02223056,0.644248,0.688778
02231600,0.465429,0.688732
09486500,0.396823,0.550255
05464220,0.577466,0.620704
03568000,0.691249,0.718112
01531000,0.713952,0.652136
14231900,0.710118,0.519870
05484500,0.549049,0.624214
06709530,0.484760,0.603244
11070365,0.636321,0.449189
06714215,0.528262,0.601786
03281000,0.703021,0.690779
06309000,0.497798,0.638314
04181500,0.603018,0.669520
08219500,0.752776,0.508524
03102850,0.693911,0.657481
04108660,0.643151,0.656098
02OG026,-9999.000000,0.630570
14321000,0.750705,0.594427
01541200,0.717246,0.658697
01632000,0.680345,0.664434
05579500,0.590895,0.650583
06610000,0.466563,0.669991
04CA003,-9999.000000,0.587408
06600100,0.524140,0.600278
11469000,0.733215,0.524629
08084800,0.425898,0.557568
03201902,0.678999,0.665926
06065500,0.618639,0.587145
05129115,0.611574,0.608438
06447000,0.446789,0.628717
0212433550,0.625731,0.669173
09172500,0.748263,0.518950
11278400,0.715361,0.437683
14097100,0.738967,0.570910
13286700,0.707744,0.553197
06918070,0.572324,0.650815
14087400,0.643853,0.571693
10308200,0.735378,0.445593
03282290,0.687471,0.697564
09132500,0.750236,0.539270
08070200,0.599996,0.644480
06432020,0.678449,0.612118
05247500,0.544310,0.603723
05378500,0.566628,0.636977
13277000,0.731458,0.533616
05UH001,-9999.000000,0.537284
06350000,0.413905,0.581683
11444500,0.721872,0.474287
02226500,0.571667,0.670305
08067650,0.573151,0.641690
04064500,0.666552,0.618240
06052500,0.668132,0.574544
06810000,0.552110,0.635108
03010500,0.737110,0.645067
07030050,0.662258,0.686335
04DC001,-9999.000000,0.576591
07JF002,-9999.000000,0.560196
02QB011,-9999.000000,0.580700
06235500,0.582252,0.539510
02423496,0.652791,0.672653
02492000,0.641932,0.676455
02196484,0.655388,0.693656
08064100,0.557452,0.610194
03465500,0.709585,0.690743
02369600,0.616393,0.685875
06482610,0.534678,0.586621
03139000,0.648157,0.665976
05MH007,-9999.000000,0.570093
02146000,0.653996,0.696185
06892000,0.565362,0.636694
08164390,0.564426,0.628082
03432400,0.664503,0.677538
07146830,0.529233,0.610786
07328100,0.482985,0.614483
06412500,0.633731,0.611324
03070000,0.738287,0.662720
09147025,0.730167,0.534911
06888000,0.537594,0.611827
06653300,0.534768,0.587163
07372200,0.658709,0.679727
02456500,0.665137,0.682289
01066000,0.753596,0.612160
03329000,0.611189,0.673975
06869500,0.455272,0.616298
01092000,0.746641,0.626883
03057000,0.720188,0.681844
05592100,0.602436,0.670786
01357500,0.735103,0.645542
04148500,0.618887,0.651582
06928430,0.665496,0.660046
06423500,0.442155,0.635143
05487470,0.574103,0.633596
04200500,0.655319,0.673657
08ND012,-9999.000000,0.514272
06921070,0.621483,0.647840
02044500,0.657981,0.656299
08041749,0.616038,0.662991
04056500,0.686700,0.625654
02PL007,-9999.000000,0.622952
11303500,0.654261,0.511512
11526250,0.743031,0.493278
08246500,0.740232,0.490319
02395000,0.673754,0.687780
02314500,0.626365,0.666358
07106000,0.494971,0.610014
02134170,0.580883,0.680833
01473500,0.681687,0.659396
07105500,0.536492,0.597607
07GD001,-9999.000000,0.600769
07EC002,-9999.000000,0.560122
11152300,0.675787,0.445015
11136800,0.677657,0.422232
11413000,0.715681,0.455249
10251258,0.434810,0.450468
05131500,0.633903,0.613753
14366000,0.748120,0.525667
14362000,0.753634,0.508264
02054530,0.670213,0.660446
02246025,0.533142,0.679136
02353500,0.605317,0.672550
05385000,0.610081,0.621207
12035000,0.739567,0.647100
06019500,0.654338,0.558994
07054080,0.643877,0.650574
06307500,0.544802,0.600095
05459500,0.566213,0.613088
12340000,0.723683,0.539304
05481650,0.548272,0.626575
06752000,0.598093,0.590708
03050500,0.729747,0.674824
02294650,0.444948,0.663502
06867000,0.436779,0.609247
08379500,0.454675,0.594641
04260500,0.757750,0.629583
01BU002,-9999.000000,0.620413
04250200,0.761412,0.614136
08GE002,-9999.000000,0.537597
03183500,0.703872,0.665180
02323000,0.565685,0.703118
03402900,0.715421,0.685981
11345500,0.722119,0.509602
05502500,0.587975,0.646999
05587900,0.609740,0.660575
04MD004,-9999.000000,0.607967
02374250,0.635852,0.687103
02207335,0.637520,0.677775
06901500,0.600154,0.641490
02234500,0.473558,0.705768
10321950,0.606754,0.522189
02399200,0.695037,0.671899
02363000,0.630419,0.662829
03467609,0.679147,0.704925
08164000,0.560059,0.627350
14163150,0.742718,0.539784
02YL008,-9999.000000,0.580544
07FB001,-9999.000000,0.602134
02474600,0.639618,0.675527
08062000,0.555384,0.634173
02YL001,-9999.000000,0.591813
03459500,0.713858,0.676347
05412020,0.597716,0.622744
08332010,0.493449,0.606421
05484000,0.550576,0.620906
02162500,0.680118,0.681368
13077000,0.691961,0.547096
04GB004,-9999.000000,0.591716
03NF001,-9999.000000,0.525957
05594800,0.599482,0.667721
13265500,0.711625,0.527435
12017000,0.748324,0.656520
08180800,0.522173,0.599746
03159500,0.668676,0.671640
04174500,0.616103,0.661264
02423500,0.652172,0.672657
06926510,0.602226,0.674533
06340000,0.412833,0.585901
14337500,0.755709,0.550602
02483500,0.662370,0.679959
13329770,0.724988,0.483945
01054500,0.760541,0.610834
04209000,0.704658,0.663527
07050500,0.664135,0.656290
07288500,0.621704,0.671664
08330000,0.508486,0.597803
04268000,0.755273,0.631139
05399500,0.607810,0.613562
08OA002,-9999.000000,0.714386
07378500,0.641071,0.678525
06659500,0.719071,0.530593
03498850,0.709436,0.695295
02084000,0.619926,0.685809
13183000,0.626854,0.571687
02102000,0.633339,0.679883
05112000,0.586460,0.589668
06817700,0.558578,0.633308
05481300,0.546656,0.622983
07014500,0.663662,0.668927
06446000,0.436074,0.619891
02220900,0.640378,0.675230
14152000,0.749737,0.562044
05397500,0.644260,0.617500
11374000,0.728412,0.519949
01558000,0.707323,0.648438
14046500,0.700656,0.571833
03361500,0.636137,0.664195
04292000,0.751765,0.623046
02060500,0.657490,0.673535
07AF015,-9999.000000,0.599866
11476500,0.734179,0.507427
08NK018,-9999.000000,0.545823
07074420,0.659981,0.682284
07184000,0.592311,0.636315
05KB003,-9999.000000,0.564810
06918740,0.620744,0.650624
02GC002,-9999.000000,0.652375
06752260,0.584377,0.600579
13331450,0.727596,0.515158
05418500,0.589905,0.629578
08057410,0.519147,0.629618
02320000,0.577421,0.696340
02054510,0.669908,0.660453
05290000,0.531473,0.592501
01177000,0.737511,0.632235
04NB001,-9999.000000,0.610444
07053500,0.646303,0.668682
06218500,0.761764,0.512935
03339500,0.626707,0.669610
05522500,0.599293,0.651025
06327500,0.477055,0.646955
04103500,0.632464,0.651021
07325500,0.478577,0.602632
05433000,0.616283,0.624284
03410210,0.708349,0.691848
06335500,0.434024,0.619963
06281000,0.706825,0.538184
07108900,0.470989,0.612350
05420680,0.590164,0.612308
02024752,0.687999,0.678202
04107850,0.639184,0.657402
02175000,0.583438,0.695326
03404500,0.706838,0.688920
01625000,0.652352,0.653064
13075000,0.677715,0.566373
08173900,0.523720,0.624723
13075910,0.688370,0.560504
12462500,0.718222,0.474798
08279000,0.608963,0.561265
04249000,0.702665,0.668814
04232000,0.699542,0.663700
09442000,0.480215,0.582759
09444200,0.561958,0.584341
13213000,0.685203,0.511921
08068500,0.562552,0.644186
06208500,0.538447,0.598204
02361000,0.621687,0.664469
14155500,0.756645,0.590351
04117500,0.650023,0.650773
05061500,0.527658,0.592893
02331600,0.701450,0.679590
12370000,0.764427,0.533598
01389500,0.715609,0.646229
06016000,0.642426,0.558499
10337500,0.695415,0.448666
01638500,0.677568,0.682108
06317000,0.458766,0.615047
05592000,0.601486,0.669875
06AD001,-9999.000000,0.591848
01EC001,-9999.000000,0.626530
04031000,0.723366,0.599517
07GE001,-9999.000000,0.601362
02304500,0.476498,0.675191
05465500,0.575310,0.646123
06800500,0.482666,0.626691
02148315,0.635927,0.702946
07AA004,-9999.000000,0.544810
07106500,0.467625,0.614903
04073500,0.578308,0.635363
04114500,0.611313,0.647462
01465500,0.667539,0.657610
08066500,0.552242,0.677608
01049265,0.755838,0.612594
07327550,0.493110,0.591782
07324400,0.461938,0.585000
13342450,0.674278,0.613655
01552000,0.734283,0.643010
09364500,0.644258,0.541612
13015000,0.759991,0.459407
02232400,0.469508,0.684878
03342500,0.631865,0.661739
03320500,0.673853,0.672642
06874000,0.447855,0.604003
07EE007,-9999.000000,0.602679
14312000,0.752891,0.584723
03189100,0.736490,0.669155
04156000,0.635681,0.637669
03427500,0.677407,0.675332
11186001,0.709061,0.390012
07AG003,-9999.000000,0.599877
05490500,0.554829,0.647789
13023000,0.761090,0.459804
08284100,0.718812,0.505980
07211000,0.497807,0.608498
05489500,0.553423,0.644550
03253500,0.666659,0.698958
06436760,0.450165,0.596280
13185000,0.735327,0.448758
04AD002,-9999.000000,0.566698
11152500,0.675951,0.445491
09246400,0.724134,0.552775
01010000,0.760962,0.601997
13249500,0.740509,0.488135
01170500,0.749982,0.627382
02131500,0.604554,0.674393
02YN002,-9999.000000,0.585835
10113500,0.749069,0.515802
08KA004,-9999.000000,0.581007
04265432,0.745000,0.642864
06436000,0.494698,0.626139
03540500,0.708016,0.690600
08019200,0.589858,0.651272
06932000,0.658805,0.654638
08050100,0.540708,0.601109
07166000,0.528415,0.616441
01547200,0.702482,0.650924
13055340,0.729232,0.532435
06445700,0.436754,0.614501
01667500,0.661408,0.658591
02397000,0.677675,0.695409
09413700,0.526853,0.566489
04195500,0.612427,0.656824
02169500,0.646970,0.694564
03428500,0.656771,0.682021
02384500,0.695682,0.687785
11134000,0.691268,0.412407
03285000,0.654564,0.688061
05TG002,-9999.000000,0.555213
03284500,0.678234,0.702922
01589000,0.661349,0.669871
05AB005,-9999.000000,0.590536
03498500,0.714490,0.694791
13056500,0.724821,0.533809
08062500,0.527518,0.637458
12189500,0.726893,0.516370
06888350,0.435491,0.657437
05327000,0.531588,0.605251
02427250,0.650308,0.662644
07335000,0.575076,0.627814
11108500,0.661999,0.423085
04293500,0.756324,0.627809
08036500,0.614215,0.651643
07144780,0.442982,0.597312
05502300,0.587200,0.641613
05517000,0.627274,0.667655
04208000,0.676425,0.673138
01AL002,-9999.000000,0.612757
09306290,0.649326,0.564307
08NJ013,-9999.000000,0.533433
08019500,0.604298,0.627077
07024500,0.646155,0.658297
06904050,0.586528,0.638503
06188000,0.762623,0.500672
04151500,0.634376,0.657035
13127000,0.715161,0.478174
11022480,0.625333,0.444966
05RE001,-9999.000000,0.574625
06725450,0.611062,0.595469
05319500,0.534572,0.611129
01EO001,-9999.000000,0.626017
08JE001,-9999.000000,0.595041
01315500,0.762243,0.610190
05NF010,-9999.000000,0.564838
10297500,0.714945,0.463458
09502800,0.532878,0.517795
06653500,0.511820,0.586796
11517500,0.729180,0.511122
02315550,0.595221,0.677083
09301500,0.517137,0.517660
06891000,0.440378,0.660793
06889000,0.437089,0.658660
09306222,0.670211,0.573963
01674000,0.669365,0.661063
07EA002,-9999.000000,0.572510
06869950,0.506873,0.589319
03192000,0.720541,0.677457
02349605,0.628729,0.691996
05586100,0.598487,0.682787
05084000,0.483680,0.566029
02087183,0.643757,0.674058
02312700,0.461457,0.664420
08CG003,-9999.000000,0.530531
03200500,0.680337,0.685039
10092700,0.674863,0.544660
05506500,0.597942,0.651814
04069500,0.645562,0.628196
02232500,0.469943,0.689023
03360500,0.629579,0.678051
06652000,0.556489,0.601665
11323500,0.717569,0.480008
01172003,0.748959,0.628780
02148000,0.639559,0.701441
03327500,0.608757,0.672611
02474500,0.641928,0.673815
07359002,0.667004,0.666212
06922450,0.592037,0.668077
08040600,0.617531,0.673518
08HB002,-9999.000000,0.625353
06DA002,-9999.000000,0.534493
14157500,0.751413,0.606012
08ND013,-9999.000000,0.507475
09260050,0.617944,0.565113
09174600,0.702852,0.556930
12098500,0.712718,0.553884
08071280,0.615979,0.637891
05053000,0.507403,0.592080
05TF002,-9999.000000,0.547601
06906300,0.607775,0.645516
07026040,0.641604,0.666159
08NG065,-9999.000000,0.550368
07AF013,-9999.000000,0.582286
02359000,0.591099,0.678111
02422500,0.648851,0.669644
14184100,0.739832,0.559269
04069416,0.646494,0.627990
03198500,0.679088,0.682167
05UA003,-9999.000000,0.560861
09168730,0.663493,0.557145
04119000,0.637486,0.661303
05061000,0.553147,0.586694
09510000,0.543254,0.563679
06290500,0.634646,0.563314
01327750,0.757194,0.619532
07343200,0.590513,0.642398
12411000,0.754232,0.536640
08MB006,-9999.000000,0.525258
02479130,0.625357,0.664095
02083000,0.631085,0.666608
07083710,0.733391,0.492621
05JM010,-9999.000000,0.573672
05092000,0.520910,0.607956
09306200,0.680499,0.569210
01BH007,-9999.000000,0.572167
04115000,0.621962,0.653375
02321975,0.516569,0.674526
13171620,0.645041,0.579426
05AA028,-9999.000000,0.555452
14162500,0.741239,0.532041
12210700,0.737047,0.558545
02083500,0.622894,0.682661
01673000,0.664174,0.671794
03308500,0.672549,0.692971
10317500,0.657413,0.503600
05CK007,-9999.000000,0.564422
02OD003,-9999.000000,0.628130
01670400,0.663205,0.662411
08057000,0.519847,0.628946
01642190,0.662493,0.664804
04114000,0.621448,0.661072
06817000,0.556589,0.627220
08034500,0.599954,0.639597
08012150,0.603151,0.676921
02PC009,-9999.000000,0.615306
03599500,0.674413,0.692498
07030392,0.668088,0.671018
02016500,0.698106,0.673611
01427510,0.742698,0.638412
02353265,0.607300,0.673068
03205470,0.671609,0.677311
07143672,0.492815,0.605676
10321590,0.579774,0.518136
02PE009,-9999.000000,0.591648
13310700,0.742175,0.479507
08053000,0.537894,0.622210
05OE007,-9999.000000,0.581563
05451500,0.565787,0.622752
02173500,0.592362,0.677883
07097000,0.518095,0.581627
09304800,0.722500,0.523208
05506350,0.597476,0.651813
06923950,0.641447,0.650872
04282500,0.743090,0.629923
07056000,0.680877,0.652971
02338000,0.662154,0.695550
03366500,0.669624,0.677057
01551500,0.722280,0.651142
06354000,0.438301,0.599884
12413470,0.743889,0.541863
01518000,0.725664,0.633630
07065495,0.655677,0.650900
02196000,0.639512,0.661957
12391950,0.721832,0.555563
12414500,0.744259,0.522507
13037500,0.752256,0.493902
10350400,0.694541,0.483311
03041029,0.714530,0.664434
12392000,0.721837,0.555562
01127000,0.741788,0.644515
09496500,0.593210,0.571653
12106700,0.744449,0.582237
01671025,0.663585,0.667739
03194700,0.737300,0.670718
01EN002,-9999.000000,0.621613
02361500,0.613617,0.672571
07093775,0.436608,0.557158
03152000,0.705422,0.681133
11475000,0.735508,0.502203
06085800,0.650821,0.567086
09093700,0.722910,0.535674
13022500,0.755231,0.476724
06299980,0.640950,0.569081
06026500,0.633973,0.565879
08188500,0.503017,0.621603
13302500,0.718415,0.501391
06865500,0.405307,0.629712
01135500,0.744356,0.620934
02077000,0.660749,0.663486
01160350,0.751325,0.616440
03473000,0.706696,0.673681
06921760,0.588949,0.649918
05481950,0.555855,0.623035
13345000,0.747475,0.569505
06926500,0.602165,0.674534
05082500,0.525015,0.608222
04273500,0.742602,0.642512
07087050,0.723632,0.482658
07292500,0.656761,0.669730
02RH045,-9999.000000,0.601983
05RC001,-9999.000000,0.589038
04029990,0.713419,0.596968
08012000,0.621696,0.672078
02365200,0.617224,0.680059
14231000,0.725276,0.540085
03339000,0.608380,0.667201
01027200,0.761613,0.598870
03072655,0.715638,0.686354
06933500,0.653365,0.668571
06411500,0.646487,0.609987
06918460,0.619557,0.643426
06787000,0.417264,0.608248
07180400,0.531065,0.608592
06212500,0.567565,0.608966
06036905,0.763627,0.482516
02473000,0.645961,0.679825
02140991,0.676678,0.684965
07326500,0.481005,0.606283
04MF001,-9999.000000,0.607300
02225000,0.620910,0.702569
06707500,0.553741,0.564372
12395500,0.724813,0.557690
02PJ007,-9999.000000,0.620615
06481500,0.511458,0.591487
01610000,0.697907,0.676597
02421000,0.633999,0.672645
04106000,0.635033,0.658983
05341500,0.575729,0.618018
03014500,0.731753,0.653036
07188885,0.620229,0.641796
08065000,0.543163,0.653637
04147500,0.623906,0.646205
11463980,0.721063,0.484023
02026000,0.684772,0.680144
01571500,0.699639,0.651106
04062011,0.674330,0.616441
03527000,0.671479,0.702153
06FD002,-9999.000000,0.520935
08028500,0.618983,0.692197
05551000,0.604646,0.641878
03408500,0.716337,0.681843
03117500,0.652935,0.670811
07175500,0.552477,0.627264
07FD006,-9999.000000,0.590615
01437500,0.744272,0.625936
11218400,0.719169,0.437933
03083500,0.711410,0.679745
06071300,0.613502,0.604899
02226100,0.553320,0.652727
06354882,0.461399,0.577040
08068000,0.571708,0.642664
05LE006,-9999.000000,0.565944
09408150,0.587393,0.569556
02437100,0.668227,0.675454
08NE039,0.749429,0.553889
08171000,0.531981,0.593858
05542000,0.603767,0.653520
11180700,0.672967,0.471122
03165500,0.697075,0.669870
03275600,0.639651,0.661329
02215500,0.617887,0.698728
12424000,0.718991,0.599047
09237500,0.741058,0.506140
11482500,0.738343,0.552287
06885500,0.535061,0.613091
03280000,0.682546,0.690191
05055300,0.462272,0.580800
07106300,0.476528,0.612537
09504500,0.629057,0.540765
02RC011,-9999.000000,0.608024
04125460,0.682840,0.629504
03270500,0.621545,0.673738
09497500,0.618785,0.583778
01529500,0.712576,0.651007
09518000,0.457440,0.607235
03357500,0.637366,0.660690
14210000,0.748183,0.548975
07288955,0.640459,0.690502
02051500,0.655013,0.676291
12039500,0.732999,0.566651
05KF001,-9999.000000,0.574526
05498150,0.584256,0.643699
05286000,0.554962,0.609474
06336000,0.426055,0.625652
04198000,0.622224,0.668857
13105000,0.639256,0.545502
06482020,0.512960,0.601997
05331000,0.543213,0.630200
09081000,0.753915,0.510403
02112000,0.682714,0.678338
05412500,0.598153,0.625078
03049500,0.722753,0.669141
02PB006,-9999.000000,0.594749
04180000,0.620882,0.652423
01463500,0.725976,0.654327
12344000,0.746214,0.522748
08086212,0.455262,0.580237
10016900,0.703271,0.505205
06109500,0.548186,0.628496
06720500,0.531887,0.604377
03426310,0.688042,0.710955
04121300,0.670274,0.623354
08LE024,-9999.000000,0.530377
11044000,0.642244,0.445540
01542500,0.720435,0.654144
04066500,0.656445,0.612566
03341300,0.638516,0.667345
03PB002,-9999.000000,0.557977
14187500,0.750869,0.584759
02358000,0.621281,0.714545
07105530,0.528938,0.603591
06073500,0.633606,0.581805
09251100,0.675834,0.551430
01AJ010,-9999.000000,0.611064
04063000,0.681943,0.617010
08167500,0.517333,0.602412
07197000,0.635419,0.648529
01594440,0.662808,0.669447
08KH001,-9999.000000,0.581592
08085500,0.435568,0.593356
06879100,0.419112,0.652910
14183000,0.739931,0.547332
02438000,0.683596,0.672440
08018500,0.586068,0.645338
06470500,0.494484,0.594304
02371500,0.634237,0.669863
08148500,0.412419,0.565637
11470500,0.738271,0.476863
05062500,0.567716,0.587606
01446500,0.736479,0.646294
10350000,0.707266,0.467932
05336700,0.605599,0.607817
11272500,0.706956,0.501491
02030500,0.675990,0.667147
11433300,0.722182,0.482335
05KG007,-9999.000000,0.573338
06036650,0.619035,0.574703
10315500,0.643573,0.485305
02155500,0.670695,0.668516
05518000,0.620975,0.668613
05454500,0.574134,0.639722
03321060,0.667665,0.672891
06927000,0.634948,0.651258
03150300,0.656750,0.685664
05437500,0.594520,0.637821
11051500,0.694141,0.431084
07124200,0.582767,0.604992
07363200,0.660436,0.671616
06354815,0.444855,0.579214
03460795,0.717044,0.682977
04235440,0.706432,0.657535
13337000,0.749466,0.503452
13081500,0.678469,0.555053
01664000,0.662050,0.662467
07301500,0.434819,0.591971
03326500,0.612590,0.665542
01562000,0.698503,0.649724
02353000,0.612584,0.698464
09448500,0.496642,0.596102
02489500,0.653554,0.697027
01544000,0.720943,0.636797
01543500,0.729552,0.639252
14087380,0.644121,0.571693
05132000,0.631555,0.603738
09505800,0.673251,0.540386
06808500,0.548138,0.634994
01015800,0.761032,0.611683
05506800,0.599186,0.646165
11140000,0.685366,0.423096
01540500,0.719957,0.664709
02387000,0.681886,0.686294
02PD002,-9999.000000,0.584280
05580000,0.606082,0.650134
06BB005,-9999.000000,0.586508
03276500,0.648608,0.671555
02089500,0.612259,0.691308
07040100,0.662174,0.677062
04227000,0.695883,0.655942
02296500,0.459300,0.656456
06913500,0.550102,0.627203
07064533,0.664003,0.658064
08181480,0.521221,0.589620
02375500,0.635421,0.690083
02354800,0.603519,0.676099
03072000,0.704884,0.681692
02103000,0.611890,0.663344
01426500,0.737674,0.645440
03209500,0.687191,0.692159
02202600,0.558490,0.665143
13010065,0.758304,0.463266
03230500,0.623005,0.681417
02056000,0.652844,0.662380
03347000,0.621297,0.659852
05387440,0.600597,0.612710
07FA005,-9999.000000,0.581348
03301500,0.661035,0.682949
03606500,0.671219,0.663665
01208500,0.733901,0.634261
12167000,0.753531,0.590167
05LJ007,-9999.000000,0.585897
05330000,0.527794,0.625880
11109000,0.662892,0.423109
02GB007,-9999.000000,0.642008
01428500,0.741710,0.639302
02YC001,-9999.000000,0.581371
02326000,0.567711,0.666095
07290000,0.655830,0.684427
06600500,0.513411,0.607212
05416900,0.587505,0.621582
05280000,0.518613,0.606716
08206600,0.435806,0.601546
06664400,0.451339,0.570305
06923250,0.632878,0.650012
05UF004,-9999.000000,0.535798
11519500,0.732983,0.499534
07290650,0.653745,0.675319
06339500,0.429026,0.595988
05464000,0.571732,0.625724
02322500,0.516502,0.675059
05RD008,-9999.000000,0.592117
02419000,0.632388,0.672930
07057370,0.651377,0.674270
10251250,0.454413,0.447567
09494000,0.644335,0.563841
08173000,0.524767,0.613814
03510577,0.730045,0.688011
05NE003,-9999.000000,0.570744
07036100,0.670404,0.663833
08MA001,-9999.000000,0.536073
09124500,0.725745,0.497033
06906000,0.605820,0.649587
08CC001,-9999.000000,0.529301
01533400,0.721147,0.661298
06324970,0.427840,0.607550
02197320,0.649217,0.696445
06904500,0.592945,0.642120
0351706800,0.736209,0.679010
12414900,0.752837,0.545231
01442500,0.728399,0.644956
02411000,0.668366,0.707711
03348130,0.622415,0.661748
14316700,0.756249,0.563141
03286500,0.674005,0.704323
04079000,0.622185,0.625431
10351700,0.672112,0.489766
06892350,0.443014,0.663077
09504420,0.673777,0.530699
02151000,0.660778,0.676301
01471000,0.666688,0.647608
06453255,0.483525,0.599480
05479000,0.542732,0.614189
06127500,0.465790,0.626511
08172000,0.531571,0.611604
09516500,0.485577,0.486763
02102500,0.631676,0.686410
02448000,0.659774,0.673985
03212500,0.683769,0.698027
02GD004,-9999.000000,0.640652
09403600,0.561911,0.539211
05576000,0.589085,0.655645
04087170,0.587466,0.636637
12389000,0.718426,0.555537
05060000,0.502569,0.580906
02024000,0.683005,0.665827
10321000,0.627129,0.525053
05107500,0.587993,0.590103
07144200,0.496869,0.610610
05540500,0.562512,0.642913
02MC001,-9999.000000,0.631250
02355662,0.610488,0.700269
01AP002,-9999.000000,0.618965
08ED002,-9999.000000,0.546163
05261000,0.575032,0.612428
02073000,0.671195,0.664506
07315500,0.445534,0.636121
07099970,0.501042,0.601398
03209000,0.692752,0.695421
08LE031,-9999.000000,0.560209
03431500,0.685322,0.711085
07336200,0.637674,0.654902
03167000,0.657872,0.665748
04130500,0.681833,0.633810
11042000,0.645907,0.448463
06911400,0.548113,0.623490
02LB008,-9999.000000,0.628878
03271800,0.628811,0.658424
01470500,0.711523,0.643782
05320000,0.540786,0.616839
05463500,0.568297,0.616414
05054500,0.455686,0.579066
06609500,0.538589,0.622806
04201500,0.672171,0.675832
13018750,0.757207,0.474358
02VB004,-9999.000000,0.551093
08NB019,-9999.000000,0.501594
13337500,0.767006,0.513679
10136500,0.713991,0.542892
07096000,0.539139,0.564021
08092000,0.531064,0.602732
06437000,0.489333,0.629291
01420500,0.753761,0.627526
02RG005,-9999.000000,0.600696
02240500,0.451161,0.685279
06919020,0.615183,0.650819
02166501,0.657183,0.685461
12340500,0.683495,0.563406
14170000,0.737429,0.600255
03287000,0.673652,0.704393
01606000,0.728401,0.664758
06GA001,-9999.000000,0.519664
05381000,0.603112,0.615434
01351500,0.736262,0.632462
06469400,0.500924,0.579152
05ME003,-9999.000000,0.556852
07346070,0.613209,0.637161
11276900,0.718746,0.443161
03020500,0.733947,0.649511
03365500,0.632794,0.673816
01622000,0.665914,0.662481
06710247,0.540539,0.587271
03184000,0.697458,0.666839
03079000,0.713487,0.652855
09342500,0.752407,0.511634
04213500,0.735547,0.650066
11376000,0.718989,0.498330
05270700,0.565881,0.615873
06220500,0.702060,0.516115
11527000,0.744922,0.498315
06102050,0.445770,0.621321
02145000,0.649030,0.680202
09306500,0.607086,0.577264
01200500,0.739511,0.638550
02040000,0.664664,0.668044
02423425,0.655962,0.672636
02YK005,-9999.000000,0.589554
07257006,0.665544,0.646943
03566000,0.710237,0.694636
06191500,0.759204,0.493880
05211000,0.588753,0.605337
03488000,0.666271,0.675942
13307000,0.715204,0.518661
04218000,0.708845,0.664397
01054000,0.761104,0.607214
07183000,0.540554,0.632042
05MF008,-9999.000000,0.559603
09144250,0.675914,0.535523
02488500,0.658306,0.691902
12302055,0.747897,0.536845
05555300,0.606398,0.657418
06313500,0.486529,0.588998
06041000,0.728621,0.525403
08MB005,-9999.000000,0.559409
10CD001,-9999.000000,0.565157
02053200,0.622359,0.663573
08180700,0.525293,0.596728
12449500,0.751052,0.459949
07182250,0.534725,0.616516
06608500,0.530786,0.621275
11290000,0.704951,0.494155
07FC003,-9999.000000,0.582146
03025500,0.734298,0.659545
08176500,0.523953,0.638514
05OF020,-9999.000000,0.581533
12419000,0.748358,0.563272
14220500,0.731239,0.549817
01604500,0.681206,0.665693
02100500,0.626476,0.673464
02408540,0.662553,0.679902
01104200,0.726142,0.638978
01022500,0.762022,0.607925
07FB003,-9999.000000,0.598313
06AC001,-9999.000000,0.583776
13069500,0.708628,0.533032
03263000,0.620543,0.671529
06876700,0.489656,0.595196
08106500,0.502507,0.633561
07198000,0.623896,0.656537
12391400,0.721310,0.555969
08KA007,-9999.000000,0.542576
02110500,0.601375,0.677366
04078500,0.610545,0.614876
02312720,0.485514,0.682747
06037500,0.764195,0.489642
08KD006,-9999.000000,0.600137
04111000,0.623480,0.662298
07160500,0.507270,0.592642
06711565,0.542597,0.589197
05332500,0.645994,0.618796
11501000,0.726646,0.541846
09147500,0.705412,0.539404
01BD002,-9999.000000,0.590735
05484900,0.548741,0.626422
11517000,0.733294,0.507479
09097900,0.741922,0.543495
13213100,0.639397,0.585621
09382000,0.471146,0.562709
05486490,0.562045,0.631842
07052500,0.622136,0.653648
01556000,0.704174,0.658621
07195400,0.618991,0.649209
06DC001,-9999.000000,0.558582
12433000,0.738328,0.580438
05082625,0.487699,0.565634
02213000,0.639843,0.688069
12388700,0.733856,0.547937
02PG022,-9999.000000,0.602382
07176000,0.552297,0.643917
07074850,0.654301,0.689329
03342000,0.615167,0.684246
04227500,0.715661,0.654370
05587000,0.602950,0.659541
02136000,0.575579,0.680004
02LG005,-9999.000000,0.612106
07031650,0.653577,0.673952
03414500,0.711247,0.684273
12358500,0.772571,0.518045
05242300,0.592012,0.611421
06606600,0.540358,0.611421
08MA002,-9999.000000,0.525165
12394000,0.762035,0.516873
05466500,0.602080,0.646206
09410100,0.604969,0.529446
01526500,0.714972,0.652465
02LH004,-9999.000000,0.627887
03229500,0.632763,0.686834
02303330,0.478208,0.672806
12303500,0.750605,0.512386
12035002,0.746958,0.654648
06088500,0.386803,0.590737
01152500,0.746634,0.629383
02018000,0.678632,0.674116
07176500,0.563540,0.622637
07178000,0.565218,0.628207
08150700,0.439904,0.595897
14330000,0.746635,0.517530
06914000,0.558785,0.625223
11530000,0.746242,0.505354
01122500,0.743448,0.638290
06464100,0.433272,0.594656
01531500,0.722096,0.661903
11278300,0.714442,0.432768
07172000,0.536104,0.610052
05453520,0.573864,0.636720
12061500,0.742420,0.598671
02045500,0.655035,0.662082
07281600,0.644527,0.680338
02RD002,-9999.000000,0.588830
13246000,0.746943,0.490121
02412000,0.672162,0.688885
12409000,0.736013,0.557510
06347500,0.477301,0.578698
05325000,0.526066,0.625320
06316400,0.466268,0.600798
01601500,0.701482,0.648697
01575500,0.678246,0.660401
07MB001,-9999.000000,0.554694
02225500,0.599997,0.684428
04101500,0.618551,0.663255
01021000,0.760733,0.606403
12324680,0.619659,0.585593
07062500,0.675323,0.665496
03094000,0.664396,0.675688
04124200,0.688219,0.634877
02243000,0.495940,0.670602
07056700,0.677358,0.653845
04024000,0.641620,0.607204
04082400,0.599782,0.635913
08NN002,-9999.000000,0.554261
02319500,0.578538,0.695033
05497000,0.577554,0.642741
13266000,0.730099,0.523645
10140100,0.745304,0.510648
11251000,0.719478,0.479447
05LJ005,-9999.000000,0.574909
04085427,0.604551,0.627847
02167000,0.654979,0.686191
03433500,0.664337,0.676321
07018100,0.667251,0.677444
03322900,0.597111,0.669424
07185000,0.554836,0.649221
05594100,0.604992,0.679201
13296500,0.748996,0.434976
05227500,0.595037,0.611050
10155200,0.735110,0.508219
05599490,0.630975,0.668410
03316500,0.665109,0.700978
11261500,0.638858,0.509905
06227600,0.650856,0.540286
07274000,0.664792,0.664850
07180200,0.531135,0.606644
06066500,0.616816,0.589039
03363900,0.632791,0.668820
06452000,0.455453,0.636570
02223000,0.645552,0.688154
03262000,0.617507,0.664919
01566000,0.711901,0.651243
02WB003,-9999.000000,0.563461
13331500,0.756883,0.513336
12413500,0.752493,0.552624
02232000,0.474070,0.684507
03115400,0.681177,0.673423
14142500,0.742257,0.591665
01076500,0.754776,0.610393
14209500,0.745399,0.541643
03584600,0.681214,0.698214
09361500,0.742934,0.508541
01567000,0.703623,0.659302
01381900,0.708717,0.647739
03226800,0.628941,0.675419
03322985,0.597435,0.669858
12338300,0.745337,0.521153
08049500,0.507147,0.620403
06043500,0.760254,0.516540
01423000,0.741336,0.643736
08020900,0.593839,0.659085
08HD011,-9999.000000,0.586553
02011800,0.709769,0.660657
03404000,0.708389,0.687870
10CD004,-9999.000000,0.564869
06751150,0.550967,0.603955
11458000,0.715142,0.466136
13073000,0.701301,0.559016
02467000,0.661001,0.704075
02313000,0.484912,0.681888
14301000,0.747183,0.622773
04221000,0.727087,0.649072
04195820,0.612166,0.657444
01FB001,-9999.000000,0.604788
01548500,0.723496,0.640110
08NG053,-9999.000000,0.545769
13336500,0.757912,0.515970
01116500,0.737309,0.644657
05087500,0.506462,0.588455
05495000,0.583036,0.642255
04108670,0.643305,0.656098
02365500,0.616093,0.681257
04146063,0.629191,0.637000
14191000,0.744233,0.608449
05443500,0.596371,0.642780
05382000,0.601289,0.630522
14187200,0.751682,0.573894
09251000,0.695491,0.545697
05QA002,-9999.000000,0.600597
11172175,0.676209,0.463946
01663500,0.667703,0.659655
14190500,0.737495,0.596358
02082506,0.632295,0.677204
13168500,0.640778,0.549805
06661585,0.578561,0.569992
08276500,0.527345,0.568204
01049500,0.747354,0.619188
06478690,0.497860,0.597104
09363500,0.702540,0.517947
07GC002,-9999.000000,0.603911
06020600,0.648678,0.560849
02175500,0.580400,0.682350
07GD002,-9999.000000,0.601305
05OE006,-9999.000000,0.582805
03265000,0.617056,0.659756
01013500,0.756125,0.599857
01438500,0.740224,0.641791
06699005,0.659446,0.538032
021556525,0.665616,0.672402
03086000,0.714616,0.687964
09277500,0.713691,0.497765
13340600,0.745695,0.509427
08GD008,-9999.000000,0.548979
12045500,0.718285,0.522004
06882000,0.490877,0.630062
05584500,0.592569,0.644505
03435305,0.639575,0.675324
07263012,0.675700,0.666821
01AP004,-9999.000000,0.613730
05CC008,-9999.000000,0.600326
01375000,0.724358,0.650423
05294000,0.512092,0.600725
10348000,0.711210,0.455642
06313590,0.463363,0.603941
10109000,0.757634,0.487377
05536290,0.599943,0.655158
06470878,0.497742,0.594193
02191300,0.657932,0.676689
02203000,0.586142,0.682501
09119000,0.652981,0.522544
06916600,0.560056,0.637627
01FB003,-9999.000000,0.617902
13285500,0.710357,0.548111
02315500,0.599622,0.676181
14038530,0.731008,0.527036
13181000,0.656763,0.559536
02462951,0.664486,0.697983
02447025,0.664514,0.691325
03184500,0.680599,0.688301
09180500,0.639740,0.575066
06934000,0.652069,0.670194
03324300,0.607025,0.662418
03434500,0.670713,0.676960
01166500,0.747894,0.617213
06307830,0.476099,0.622466
04116000,0.623336,0.663443
02294775,0.445329,0.663502
04066800,0.665518,0.625520
03403500,0.712542,0.686029
06012500,0.710415,0.518901
11383500,0.731367,0.497206
05200510,0.584599,0.596188
13132500,0.688353,0.497083
11289651,0.720298,0.478520
02479310,0.644024,0.695543
06905500,0.598043,0.653046
13141500,0.719112,0.466029
12350250,0.739911,0.536634
01420980,0.749665,0.631759
08279500,0.530216,0.571277
02487500,0.661364,0.671070
05525500,0.597894,0.659908
11471500,0.739059,0.479032
06090800,0.590784,0.611902
05QE008,-9999.000000,0.601070
07030240,0.644070,0.670951
09166500,0.740616,0.511088
06876070,0.456705,0.616116
04206000,0.677331,0.668555
07268000,0.658508,0.663375
03058975,0.694896,0.677643
06721000,0.520241,0.612872
03272000,0.631532,0.663470
10183500,0.615675,0.542931
03190400,0.717595,0.670827
05046000,0.533549,0.593224
03300400,0.649069,0.681683
07031740,0.646768,0.674532
07171000,0.547506,0.636027
06447450,0.449522,0.633346
05432500,0.602995,0.623997
08276300,0.579004,0.581519
09489500,0.647030,0.564839
07072500,0.660678,0.681252
05MF001,-9999.000000,0.559314
05300000,0.527317,0.604126
03106000,0.684697,0.667817
10346000,0.711427,0.451224
04196500,0.626605,0.668252
01668000,0.659621,0.668389
06351200,0.437672,0.596067
08FC003,-9999.000000,0.552921
05ED002,-9999.000000,0.578125
03447687,0.702524,0.683687
09406100,0.605891,0.568088
06913000,0.549090,0.625907
01144500,0.749043,0.622675
11176900,0.664164,0.471316
05526000,0.598025,0.659525
03325000,0.606103,0.671785
03270000,0.629132,0.669243
05421740,0.588661,0.632728
06898000,0.575699,0.634955
06634620,0.555408,0.563664
03024000,0.724649,0.660895
03475000,0.666517,0.679295
01403060,0.681188,0.652048
13046000,0.753881,0.507533
02312762,0.485478,0.682745
08ED001,-9999.000000,0.540739
01080500,0.739466,0.615569
04121500,0.655250,0.631651
03136500,0.663724,0.664039
08032000,0.602624,0.640760
09482000,0.418619,0.537558
09498400,0.550889,0.499865
08065350,0.545266,0.659578
02106500,0.587306,0.676466
13342500,0.740262,0.548356
03031500,0.732283,0.659129
02311500,0.495243,0.683335
13027500,0.752401,0.511761
02367900,0.617351,0.672370
05244000,0.560860,0.600428
11066460,0.659136,0.446156
02420000,0.662020,0.709414
06AG002,-9999.000000,0.582197
03598000,0.683538,0.685429
08EF001,-9999.000000,0.570597
07048600,0.673083,0.647475
01170000,0.758015,0.611131
13013650,0.758806,0.469882
05407000,0.616581,0.642105
05482500,0.546611,0.615696
08NC004,-9999.000000,0.530083
02301500,0.485674,0.664612
07237500,0.376398,0.616905
06730500,0.573609,0.618193
01549700,0.725471,0.642263
06738000,0.692968,0.544684
14163900,0.743082,0.543630
04067958,0.665578,0.617304
03380500,0.629220,0.665752
01627500,0.687643,0.653861
05402000,0.601528,0.618388
10038000,0.653303,0.529733
04154000,0.646212,0.633701
07311000,0.491954,0.589896
11292700,0.715749,0.432015
04058100,0.710818,0.602142
03320000,0.664145,0.700842
05HD036,-9999.000000,0.588327
06166000,0.349057,0.589302
08NA002,-9999.000000,0.533653
02YG001,-9999.000000,0.579255
08183500,0.507755,0.608352
03589500,0.687279,0.723077
11051499,0.694141,0.431084
07186000,0.605405,0.652013
03198000,0.689513,0.696945
10311700,0.698290,0.487960
03015000,0.735541,0.655444
09302000,0.601594,0.536840
06465000,0.401492,0.641581
11192500,0.689507,0.444505
06921350,0.618541,0.647375
03036500,0.728650,0.660967
05419000,0.599766,0.623985
04135700,0.665887,0.626962
11525655,0.742787,0.489475
07013000,0.659257,0.664278
02226000,0.616453,0.706328
03117000,0.637126,0.672291
03221000,0.616212,0.674874
03085500,0.654255,0.675904
02337000,0.647442,0.681020
01168151,0.765140,0.595937
05570910,0.603368,0.647681
10039500,0.653620,0.529765
02039500,0.667383,0.667592
03353800,0.625487,0.667456
01603000,0.713221,0.654093
07356000,0.674717,0.653712
13200000,0.745438,0.494829
11462500,0.722592,0.488312
03219500,0.613734,0.671184
03124500,0.642170,0.670468
12194000,0.725399,0.505076
02ZH001,-9999.000000,0.607979
01081000,0.740468,0.615128
01113895,0.732232,0.639644
07093700,0.619326,0.525710
13269000,0.646968,0.585848
08164300,0.556972,0.612002
10312000,0.675778,0.501435
11473900,0.735939,0.488200
05TG003,-9999.000000,0.544325
09424900,0.493593,0.513029
05DE007,-9999.000000,0.604783
09106150,0.709880,0.547628
03112000,0.688606,0.667834
05473400,0.574895,0.647465
01081500,0.747592,0.617164
06635000,0.553630,0.573976
06324500,0.465901,0.623725
11316600,0.719283,0.448007
08KG003,-9999.000000,0.574169
06355500,0.435909,0.594659
09085100,0.729929,0.522984
12200500,0.729066,0.527631
11044300,0.640695,0.447109
03217000,0.691697,0.681384
07138070,0.399424,0.659835
02NF003,-9999.000000,0.616887
02223500,0.636019,0.693913
07030500,0.659641,0.671682
05422000,0.589261,0.641813
02124742,0.622933,0.668707
06359500,0.441404,0.600765
03164000,0.699649,0.668352
02115360,0.664880,0.683877
06076690,0.581751,0.597347
02UC002,-9999.000000,0.558249
02228000,0.569053,0.680967
06430500,0.611340,0.616602
14123500,0.740177,0.506406
09418500,0.583678,0.528961
02193500,0.648572,0.658652
01646502,0.674384,0.684516
09497980,0.620216,0.532099
03575100,0.668307,0.691874
03451500,0.696885,0.689858
02419890,0.651019,0.698389
07288280,0.622324,0.667591
09514100,0.465486,0.608920
09442680,0.533961,0.558302
07312700,0.460241,0.588705
14400000,0.740052,0.587933
14207500,0.741463,0.610267
01628500,0.662850,0.665922
01520000,0.707719,0.644775
02387500,0.685028,0.691826
05331580,0.543107,0.630482
08175800,0.523248,0.635306
06799350,0.468774,0.623403
11468000,0.730912,0.485189
05QE012,-9999.000000,0.595444
04294000,0.748341,0.635323
08313000,0.532441,0.579988
06752280,0.568718,0.606762
05440000,0.599029,0.637877
01536500,0.721156,0.662358
13333000,0.737294,0.562189
02424000,0.654418,0.685861
03603000,0.677925,0.696793
09384000,0.513862,0.570856
03335500,0.610822,0.676520
08111700,0.571285,0.631791
06225500,0.688366,0.523096
05080000,0.581062,0.599525
02YM001,-9999.000000,0.597170
06475000,0.503279,0.608885
08CE001,-9999.000000,0.548238
08KG001,-9999.000000,0.593865
06884000,0.487572,0.616402
07378000,0.636487,0.676106
08EE013,-9999.000000,0.572250
02319000,0.569194,0.679116
07LB002,-9999.000000,0.533284
06799000,0.451749,0.619111
09271550,0.575521,0.532331
02210500,0.638556,0.684599
06719505,0.700803,0.555094
08249000,0.653871,0.518612
02318700,0.571708,0.665910
07144795,0.446738,0.599883
07299670,0.485956,0.568515
04086000,0.606404,0.630270
08207500,0.448580,0.568886
08150000,0.434071,0.574776
09134100,0.738580,0.549662
06811500,0.532718,0.621285
05545750,0.602398,0.633973
06799100,0.486590,0.607543
11493500,0.746179,0.521903
01329500,0.748073,0.622959
05060100,0.502731,0.580905
01515000,0.727423,0.659546
07119700,0.455093,0.644672
04185000,0.618361,0.641840
11043000,0.611622,0.435824
02021500,0.694108,0.657692
02318000,0.574318,0.671471
08062700,0.529748,0.638881
02GC010,-9999.000000,0.648096
06764880,0.417421,0.658443
02135200,0.611838,0.709444
01644000,0.659032,0.657648
01343060,0.769710,0.606162
06348300,0.456490,0.593600
07066000,0.656646,0.654399
06468170,0.483600,0.582568
01138500,0.752522,0.621406
01200000,0.727367,0.642563
06130500,0.449586,0.633586
01364500,0.742849,0.633590
02329600,0.583732,0.660242
02096500,0.629089,0.674351
05362000,0.629038,0.612870
08NK002,-9999.000000,0.550713
04106906,0.635870,0.659580
13152500,0.681823,0.494117
09304200,0.759826,0.494340
12089500,0.747558,0.610409
02245050,0.500157,0.671565
01172010,0.748894,0.628828
07170990,0.545465,0.633639
05550000,0.605557,0.640339
08EE020,-9999.000000,0.550713
05440700,0.595344,0.641661
05127000,0.672563,0.607348
06602400,0.507027,0.619552
11151300,0.671352,0.434430
09070000,0.743025,0.515809
03310300,0.648271,0.683117
06465500,0.403521,0.642526
05568500,0.601127,0.675747
03584020,0.680141,0.679772
11133000,0.692356,0.411566
07JA003,-9999.000000,0.573139
05453100,0.572809,0.633014
02FE013,-9999.000000,0.629845
13175100,0.708051,0.493894
06298000,0.755381,0.512336
09209400,0.646620,0.506677
05573540,0.602712,0.659326
02066000,0.657627,0.677753
06464500,0.429398,0.613173
08EC013,-9999.000000,0.586512
13078000,0.650811,0.547757
14242580,0.742681,0.597082
07047942,0.619879,0.658741
11525854,0.742843,0.492069
08NA006,-9999.000000,0.513139
05TE002,-9999.000000,0.561807
02413300,0.657762,0.687009
03114500,0.703612,0.674651
08NP001,0.768476,0.551430
08068800,0.541713,0.631874
01099500,0.730474,0.640102
09288180,0.703101,0.532107
05330920,0.529592,0.626576
07018500,0.665395,0.678602
13202000,0.737119,0.477451
06759500,0.458979,0.644219
06918065,0.595083,0.641827
09109000,0.738366,0.470963
11377100,0.725794,0.533390
07FD001,-9999.000000,0.607647
14200000,0.753433,0.625939
03563000,0.715826,0.685936
02455500,0.665832,0.678868
10348200,0.710962,0.455642
04282000,0.756783,0.614896
07068000,0.665940,0.672930
05427570,0.584314,0.631984
03234300,0.639807,0.678011
05056000,0.466889,0.586591
02396000,0.671936,0.688913
02490500,0.647796,0.665406
08174600,0.529985,0.605055
05554500,0.606060,0.651228
12329500,0.699298,0.557848
01534000,0.716020,0.644877
03438000,0.647629,0.664912
01611500,0.688587,0.656985
03QC002,-9999.000000,0.550917
05398000,0.639853,0.620019
06605000,0.542379,0.603717
05576500,0.592865,0.665849
01576000,0.712785,0.670571
05MC001,-9999.000000,0.559010
09224700,0.512826,0.549289
02061500,0.652776,0.665347
08093360,0.552962,0.591474
08LB047,-9999.000000,0.540320
03461500,0.714497,0.690241
09033300,0.749227,0.501775
08167000,0.515161,0.590911
01595500,0.734372,0.659558
03076500,0.726429,0.669531
05469000,0.588863,0.648764
07151500,0.482302,0.608645
08329928,0.509639,0.596422
04176000,0.620999,0.657156
01573560,0.682625,0.656868
07069000,0.662737,0.680686
04122200,0.675509,0.639867
08KA001,-9999.000000,0.543946
09519800,0.453772,0.606805
11335000,0.728554,0.487034
02349500,0.631037,0.691230
05DF004,-9999.000000,0.601630
07380120,0.634604,0.680940
01502500,0.730324,0.651540
07GJ001,-9999.000000,0.613381
12389500,0.756119,0.538526
04FA003,-9999.000000,0.578313
06884400,0.491807,0.622118
06470000,0.492030,0.590094
06710245,0.540540,0.587271
01108000,0.728421,0.650057
04191500,0.611533,0.669137
02JB013,-9999.000000,0.607991
07375500,0.635663,0.675708
06331000,0.426062,0.582127
09112200,0.753497,0.486621
12213100,0.737358,0.579650
02055000,0.662856,0.661721
13344500,0.703697,0.588836
12097850,0.709099,0.553765
02482550,0.663090,0.676395
08051500,0.526797,0.600148
05317000,0.523940,0.607538
06875900,0.454582,0.614474
08086050,0.466963,0.574386
06438000,0.489150,0.632232
05593520,0.617834,0.661820
02223248,0.640466,0.691332
12352500,0.731881,0.544252
07063000,0.675713,0.670184
13310199,0.742196,0.496288
09261000,0.545797,0.568572
05434500,0.605373,0.628576
10174500,0.694885,0.526343
06445685,0.438146,0.613716
04232482,0.697475,0.659634
01014000,0.760019,0.598757
04GA002,-9999.000000,0.589543
07EC004,-9999.000000,0.555270
07134100,0.350120,0.608862
01125500,0.742524,0.632960
02025500,0.687741,0.678693
02479160,0.631044,0.674339
03575500,0.690412,0.719872
06BD001,-9999.000000,0.565488
06BA002,-9999.000000,0.589535
02198000,0.610078,0.674599
07149000,0.455616,0.595898
03284000,0.683516,0.700959
02062500,0.656808,0.674755
06410500,0.649878,0.607662
05405000,0.623063,0.626563
01614000,0.676461,0.650109
05498000,0.584448,0.643706
02RF002,-9999.000000,0.596099
08053500,0.526440,0.606062
11295300,0.717737,0.441083
07362500,0.671576,0.652685
02029000,0.681702,0.680472
03340500,0.612605,0.680670
01018035,0.756982,0.610537
01472000,0.686156,0.654973
03599240,0.674727,0.690397
05585830,0.604030,0.644812
12040500,0.745089,0.644004
09405500,0.667762,0.557024
10AC004,-9999.000000,0.549832
04176500,0.615439,0.658913
05383075,0.608905,0.630211
05572000,0.604618,0.653703
02173000,0.591476,0.678740
01545000,0.725890,0.636455
07363500,0.662006,0.674403
06306250,0.492270,0.597998
11368000,0.747929,0.480748
03290500,0.668821,0.707197
01100000,0.742509,0.633829
05127500,0.666089,0.608190
12459000,0.712641,0.464924
02160105,0.654780,0.677112
06308400,0.424635,0.583731
03231500,0.621142,0.689447
03MB002,-9999.000000,0.530538
01049205,0.756259,0.612060
02411930,0.670270,0.684405
05483600,0.544413,0.615538
10310407,0.710959,0.476534
03FA003,-9999.000000,0.540177
01578310,0.710955,0.673219
10329000,0.650592,0.525365
08KE016,-9999.000000,0.597581
05MH006,-9999.000000,0.565114
10261100,0.686076,0.434213
09135950,0.714950,0.556897
11467000,0.718506,0.480830
09512800,0.524615,0.527161
01BD008,-9999.000000,0.593356
02477000,0.656306,0.670559
14319500,0.750395,0.563710
07312200,0.476956,0.572658
14202000,0.739535,0.628534
03BD002,-9999.000000,0.598781
05383950,0.605026,0.613856
10BE007,-9999.000000,0.566768
03406500,0.677993,0.690279
06477000,0.500091,0.612947
08LB020,-9999.000000,0.564571
07BF009,-9999.000000,0.587837
01129500,0.759615,0.612944
02479560,0.649755,0.681518
04142000,0.642417,0.626617
08028000,0.632223,0.657285
09110000,0.738817,0.480764
12415140,0.748029,0.543816
13339500,0.753975,0.540459
02441390,0.665523,0.683930
07071500,0.654396,0.664388
01350000,0.754209,0.616872
02161000,0.653863,0.690283
08022040,0.596144,0.664294
02070500,0.665988,0.662591
08181500,0.516170,0.602713
05338500,0.570381,0.603607
07086000,0.723176,0.487011
04071000,0.642739,0.621540
11186000,0.709061,0.390012
08043950,0.503951,0.590791
07371500,0.657024,0.663513
06906800,0.621787,0.648125
11113000,0.705644,0.419287
07148400,0.446887,0.591138
03287500,0.672387,0.704672
14137002,0.739733,0.562024
07052250,0.613269,0.651826
03314500,0.659825,0.691709
08044000,0.505218,0.590790
01633000,0.656796,0.669181
06887000,0.497186,0.636289
06759910,0.444155,0.648145
02475000,0.641861,0.686050
09169500,0.622372,0.573089
14305500,0.738758,0.614497
06883000,0.479282,0.603335
05408000,0.615409,0.627562
11234760,0.721037,0.458045
03MD001,-9999.000000,0.525063
03216500,0.682641,0.677550
02488000,0.658874,0.690057
06928000,0.646163,0.660620
12448998,0.734077,0.457479
10150500,0.707807,0.560412
03333050,0.603892,0.664965
03023100,0.727786,0.660167
07191000,0.583574,0.626589
03422500,0.698111,0.699900
07074500,0.654959,0.688695
07230500,0.520527,0.614245
07188000,0.608722,0.656667
04059000,0.696576,0.608344
07DA001,-9999.000000,0.609780
08NL050,-9999.000000,0.548218
01347000,0.740546,0.637282
07077380,0.623397,0.672157
08066250,0.551335,0.676158
12210500,0.736778,0.558530
03302800,0.653199,0.674637
06803513,0.496136,0.616832
07188838,0.638426,0.653995
04172000,0.610215,0.649207
14154500,0.757601,0.581146
05435500,0.603148,0.631328
03262700,0.619494,0.668245
05030500,0.537048,0.594922
04266500,0.759965,0.622701
07247000,0.654153,0.650321
03371500,0.641793,0.684159
03170000,0.683171,0.661888
06307990,0.466083,0.625420
05488500,0.551673,0.640626
06754000,0.509541,0.628050
06910750,0.612400,0.648097
11452500,0.711866,0.473955
09067005,0.762683,0.496872
02ED101,-9999.000000,0.626344
11128500,0.697204,0.407589
12144500,0.735391,0.579360
06428200,0.458986,0.614673
14328000,0.744119,0.508388
08104700,0.506778,0.600993
07346000,0.611385,0.636947
05288500,0.555183,0.619942
05451210,0.568718,0.613186
04230500,0.690019,0.657420
01BC001,-9999.000000,0.600383
03574500,0.704209,0.682102
13305000,0.707890,0.528138
09386950,0.483144,0.564297
01BQ001,-9999.000000,0.605187
06024540,0.722269,0.519171
14144800,0.746173,0.528755
05439500,0.596772,0.629327
06337000,0.422575,0.630345
05355200,0.585237,0.619322
06347000,0.471686,0.576917
05LC001,-9999.000000,0.565377
08LE027,-9999.000000,0.532554
04060993,0.667784,0.614958
13206000,0.734261,0.479102
01183500,0.747195,0.627077
01431500,0.731104,0.633445
03532000,0.694657,0.693372
05AA008,-9999.000000,0.566799
09041400,0.723406,0.531092
02473500,0.648995,0.656264
05MD005,-9999.000000,0.563317
06216900,0.466564,0.603640
04212100,0.702456,0.672257
02351890,0.604361,0.664413
04292500,0.750352,0.634989
06295000,0.509979,0.632234
02376500,0.630449,0.686358
05LL015,-9999.000000,0.579654
01434000,0.740190,0.641816
10338000,0.697629,0.447755
02082585,0.628875,0.680590
01451000,0.730106,0.641288
02298202,0.455525,0.667889
11507500,0.735958,0.535664
06918060,0.595083,0.641827
10129500,0.726791,0.522473
09171100,0.615255,0.575123
11302000,0.719003,0.474638
09481740,0.432500,0.532688
11138500,0.690747,0.419289
02484000,0.668912,0.670328
11106550,0.654264,0.403988
06485500,0.517612,0.610020
05372995,0.598253,0.611824
13217500,0.723099,0.518890
06440200,0.455576,0.590438
02047000,0.647988,0.673664
06607200,0.532693,0.608317
10351600,0.687386,0.485616
02126000,0.622470,0.675664
07191288,0.627736,0.650094
02355350,0.603229,0.677611
05066500,0.493485,0.578302
13135000,0.651695,0.573232
03401000,0.715944,0.684794
13314300,0.742362,0.484563
06854000,0.487146,0.600184
05551540,0.603535,0.643311
03329700,0.616323,0.662049
06803486,0.506786,0.608006
02077500,0.660779,0.667993
08KH010,-9999.000000,0.567340
03251500,0.676273,0.697836
14113000,0.742301,0.514060
09512406,0.555705,0.586977
02444160,0.664867,0.686796
07019000,0.659050,0.677576
08015500,0.633587,0.677650
08LA001,-9999.000000,0.572465
07231000,0.534573,0.619071
12452990,0.733454,0.469173
02398300,0.680171,0.671074
05471500,0.561726,0.633680
07369680,0.622034,0.661719
06471500,0.513819,0.581319
06741510,0.606012,0.578937
04AB001,-9999.000000,0.565087
05482000,0.548565,0.628518
06888500,0.548496,0.614993
06449100,0.437415,0.609480
01329490,0.748124,0.622959
09381800,0.468226,0.556327
11367500,0.748770,0.474021
12323600,0.566522,0.584249
03245500,0.637701,0.679012
07169800,0.535635,0.613922
03377500,0.625512,0.694523
06752500,0.505328,0.625873
04196800,0.616055,0.662212
09260000,0.566428,0.563996
02483000,0.659876,0.669509
08KH006,-9999.000000,0.587848
05123400,0.497391,0.567270
06324000,0.535808,0.595151
08NH130,-9999.000000,0.509933
07348700,0.655764,0.650236
03346500,0.614700,0.676159
02330150,0.581705,0.683124
08041700,0.617713,0.658074
03358000,0.631559,0.661144
06713300,0.438025,0.607662
02217500,0.655620,0.675857
07338750,0.663738,0.652577
02467500,0.657502,0.677986
06809210,0.556488,0.620305
06620000,0.705470,0.535879
07152000,0.503647,0.616283
13116500,0.643569,0.540311
07144100,0.496990,0.610118
13335700,0.751578,0.502932
07AE001,-9999.000000,0.596623
03229610,0.619349,0.685690
05054000,0.516870,0.604521
01BP001,-9999.000000,0.602569
02058400,0.666475,0.666813
07289730,0.655946,0.681335
08HF005,-9999.000000,0.614359
08NE006,-9999.000000,0.515145
08013000,0.641081,0.675571
02475500,0.659071,0.665295
08NK016,-9999.000000,0.544347
02341800,0.617251,0.676137
12365000,0.750727,0.530096
07372050,0.657791,0.671152
04027000,0.704473,0.610864
02338500,0.661326,0.697414
06471200,0.515752,0.575685
05590950,0.603672,0.658762
03336000,0.610506,0.677534
14320700,0.748267,0.597793
10159500,0.727399,0.521026
03053500,0.721471,0.678884
01168500,0.762162,0.605099
08152000,0.478529,0.580805
09484500,0.423381,0.511696
03548500,0.722240,0.687500
08180500,0.530304,0.596154
05270500,0.529410,0.607393
08324000,0.601972,0.539785
11156500,0.693206,0.446171
05304500,0.519983,0.601417
08084000,0.433630,0.584364
05356500,0.649127,0.623751
02153200,0.666545,0.684957
03378635,0.605619,0.660711
04102500,0.651653,0.652621
13142500,0.724526,0.463446
03378000,0.634118,0.666724
08NA045,-9999.000000,0.541108
08KH019,-9999.000000,0.589566
02019500,0.689975,0.678201
01453000,0.712422,0.648776
04066030,0.668997,0.623834
10251255,0.440495,0.447586
03271601,0.620200,0.674398
03230800,0.615956,0.664090
09177000,0.650647,0.574715
10309000,0.732467,0.464433
09304500,0.750937,0.504897
02047500,0.647231,0.680241
03267900,0.632536,0.665387
02472000,0.656651,0.676575
06756100,0.411935,0.602553
06438500,0.459678,0.642160
04133501,0.662899,0.640237
13172500,0.641756,0.581511
06214500,0.615719,0.603368
02135000,0.575643,0.690359
01643000,0.660747,0.666233
08186500,0.502261,0.594667
14339000,0.749619,0.545465
14243000,0.736630,0.582726
03331500,0.612996,0.661718
02450180,0.655717,0.677709
04161820,0.601404,0.642501
10028500,0.644319,0.530908
11319500,0.726591,0.474317
03179000,0.660427,0.687687
08019000,0.591620,0.636968
06CD002,-9999.000000,0.597779
02476600,0.651865,0.668109
07187000,0.623715,0.648018
13050500,0.745481,0.518158
11528700,0.745916,0.494269
07340000,0.655149,0.665526
05421000,0.588961,0.619695
07335300,0.585908,0.641747
07249413,0.641590,0.655729
03007800,0.735427,0.641967
02YQ001,-9999.000000,0.610127
01049000,0.753255,0.607765
03291500,0.661294,0.687649
07091200,0.651461,0.515304
01065500,0.749985,0.608272
13247500,0.744672,0.474964
02316000,0.576743,0.670881
05552500,0.600984,0.649271
09364010,0.662074,0.536604
13148500,0.714023,0.488390
14020850,0.733144,0.577138
01346000,0.756475,0.627231
01BG005,-9999.000000,0.580540
03ED001,-9999.000000,0.552614
02PK005,-9999.000000,0.620944
03061000,0.694828,0.681110
09507980,0.613016,0.537218
08NB005,-9999.000000,0.529668
06919900,0.616879,0.653320
12363000,0.771229,0.513671
05RB003,-9999.000000,0.593801
02130980,0.578234,0.682099
11382000,0.730255,0.463318
06478600,0.506174,0.599839
04122500,0.683393,0.635317
01350101,0.752270,0.616870
07061000,0.651757,0.678824
08020000,0.592412,0.654411
02OB037,-9999.000000,0.617696
03334000,0.617744,0.659852
13309220,0.741641,0.476226
02131000,0.629540,0.702247
06477500,0.487129,0.592723
09414900,0.561797,0.520281
02319394,0.567921,0.683393
06820500,0.564566,0.640531
08DD001,-9999.000000,0.512877
02442500,0.679626,0.665707
08JB002,-9999.000000,0.584857
03051000,0.726819,0.676417
05074500,0.654258,0.596988
06033000,0.642460,0.558342
03015310,0.738107,0.654633
02112250,0.677180,0.680443
07EB002,-9999.000000,0.570104
09095500,0.713297,0.541866
01536000,0.729279,0.648572
05291000,0.505678,0.591478
07170500,0.541310,0.629942
01155910,0.763895,0.607559
01563500,0.701578,0.658007
03261500,0.620868,0.667899
13251000,0.721423,0.503827
07328500,0.486286,0.620920
02446500,0.674629,0.681040
07147800,0.527235,0.620194
03601990,0.676260,0.695120
05369500,0.618992,0.629180
06AF005,-9999.000000,0.581861
02153551,0.662709,0.685579
02478500,0.652463,0.684938
07283000,0.657150,0.661216
06873460,0.440412,0.599119
13338500,0.734287,0.557946
05591200,0.603930,0.663711
06483290,0.541997,0.601383
08180640,0.527365,0.596971
07179500,0.551079,0.609037
03171000,0.683212,0.676256
06207500,0.627483,0.558993
03140500,0.655043,0.681597
01AN002,-9999.000000,0.617115
02364500,0.625618,0.673974
14178000,0.730602,0.513973
05449500,0.559917,0.612874
11292900,0.718189,0.439241
04AA004,-9999.000000,0.556881
02KF016,-9999.000000,0.626896
05480500,0.543693,0.621924
07040450,0.652865,0.684775
02366500,0.613729,0.685312
09213500,0.602551,0.515204
11085000,0.691330,0.431156
01616500,0.638627,0.651631
05344500,0.551824,0.632571
01548005,0.710469,0.649945
05078500,0.551724,0.591413
09313000,0.702390,0.514847
09114500,0.732156,0.493340
03175500,0.671237,0.680321
02202500,0.605226,0.695322
12324200,0.604931,0.586487
08CD001,-9999.000000,0.551453
11478500,0.741168,0.515765
07258500,0.641850,0.645220
03283500,0.683479,0.682520
07EE009,-9999.000000,0.611399
13290190,0.742469,0.486593
12101500,0.728351,0.604669
02373000,0.644137,0.675745
13049500,0.746160,0.511509
02382500,0.701442,0.680039
05529000,0.601148,0.640893
02163001,0.672983,0.682881
13210050,0.728823,0.486538
03082500,0.721042,0.672056
07151000,0.489796,0.618924
04KA001,-9999.000000,0.599202
03528000,0.676753,0.706452
14169000,0.738875,0.599537
01371500,0.711277,0.647030
01541000,0.718059,0.657321
02383500,0.690649,0.687075
10324500,0.588562,0.538479
07139500,0.392890,0.662557
02113850,0.651429,0.669053
05458900,0.561723,0.617721
04192500,0.612397,0.668914
02RD003,-9999.000000,0.595158
05517500,0.623576,0.668262
06126500,0.470952,0.625653
11151700,0.672380,0.439506
01335754,0.747296,0.632618
11189500,0.702879,0.430273
14308000,0.758670,0.577635
02089000,0.615228,0.687965
07331000,0.498019,0.632728
05464500,0.573321,0.630927
03054500,0.725248,0.679159
02156500,0.658309,0.686995
02PL005,-9999.000000,0.620972
05050000,0.506506,0.599492
03383000,0.670213,0.665511
07195430,0.619289,0.650011
03075070,0.709529,0.690063
11158600,0.686382,0.447434
10239000,0.627796,0.554598
04229500,0.705242,0.652387
05EE009,-9999.000000,0.569627
11424000,0.728897,0.494419
07179730,0.549734,0.610934
05481000,0.551745,0.611840
02OE032,0.764778,0.621678
11418000,0.721694,0.488111
06280300,0.752882,0.500952
02AB021,-9999.000000,0.602959
01188090,0.747161,0.630338
02388350,0.685509,0.670337
06126050,0.485700,0.619424
01BH010,-9999.000000,0.572048
09508500,0.545403,0.563363
12334550,0.657738,0.574551
06751490,0.535346,0.613632
01570000,0.681869,0.650383
11143250,0.721482,0.456216
02301719,0.487849,0.667461
01046500,0.757434,0.603593
03303000,0.654871,0.678352
11316670,0.720761,0.447954
08073600,0.556800,0.635088
05293000,0.514450,0.597349
05556500,0.608473,0.642232
14076500,0.727331,0.539811
02341500,0.653789,0.706378
02370500,0.621461,0.672301
07195500,0.620123,0.651358
09058000,0.719368,0.516073
12031000,0.748721,0.646171
09152500,0.651377,0.554033
06853800,0.482794,0.594111
02227500,0.565419,0.675909
02436500,0.653913,0.665045
12351200,0.732662,0.540567
03234000,0.637989,0.677343
05EF005,-9999.000000,0.564512
01631000,0.668237,0.670061
02197315,0.607144,0.680252
02358700,0.620645,0.714912
06449500,0.437589,0.615625
12448000,0.764896,0.455148
04164500,0.633588,0.656364
07303400,0.459325,0.573466
05PH003,-9999.000000,0.591177
01674500,0.662326,0.670859
03298500,0.642265,0.687940
03238500,0.650336,0.674228
07285400,0.666223,0.655468
04112500,0.615237,0.648293
03237255,0.707513,0.683261
03354000,0.614694,0.676436
13169500,0.622772,0.507692
03173000,0.662445,0.668089
03334500,0.632056,0.659699
13161500,0.689937,0.513729
04105500,0.634468,0.656626
02088500,0.613476,0.678027
04137005,0.680211,0.634777
05516500,0.631713,0.663874
03247500,0.651132,0.677478
09285900,0.730034,0.517518
04CA002,-9999.000000,0.586874
05BG006,-9999.000000,0.593328
05090000,0.500025,0.575164
03289500,0.631949,0.684256
02370000,0.625589,0.675197
04165500,0.594767,0.654633
06386500,0.409792,0.617501
06236100,0.599654,0.553305
09502000,0.592658,0.583966
01529950,0.714500,0.653129
02380500,0.709100,0.672949
09253000,0.771399,0.504268
02358754,0.620387,0.715528
01555000,0.717528,0.643054
03346000,0.615436,0.665116
05488110,0.551388,0.640003
03185400,0.680418,0.689534
07311500,0.490925,0.584506
01AM001,-9999.000000,0.616148
05369000,0.599960,0.617825
01614500,0.675683,0.652418
02GA038,-9999.000000,0.630396
08FE003,-9999.000000,0.558178
02197830,0.615460,0.675124
05MG001,-9999.000000,0.557982
06274300,0.481269,0.590379
04CB001,-9999.000000,0.586185
12041200,0.712512,0.585178
07072000,0.655240,0.664583
02218300,0.652844,0.680156
05455500,0.576176,0.635232
02455900,0.665807,0.680148
04246500,0.729949,0.650235
03048500,0.706128,0.674099
05GF002,-9999.000000,0.574902
06186500,0.761447,0.468195
10352500,0.657035,0.500045
01543000,0.727546,0.637116
03513000,0.728364,0.691353
09366500,0.589539,0.551030
01096500,0.739118,0.637879
07307028,0.453754,0.602512
02134480,0.567726,0.673247
02270500,0.440803,0.664490
09444000,0.530902,0.572847
05515500,0.628939,0.658583
14359000,0.742718,0.563551
05476750,0.541028,0.616385
03438220,0.678339,0.713924
09513910,0.440100,0.484948
03531500,0.702093,0.689110
06908000,0.600339,0.648538
02294898,0.450679,0.663457
01595800,0.732524,0.656622
10311000,0.706359,0.483320
05360500,0.650961,0.619940
13120500,0.740459,0.455974
07CD004,-9999.000000,0.585720
02165000,0.649624,0.676018
07JD002,-9999.000000,0.580678
02358789,0.588951,0.674464
01481500,0.676496,0.660827
07343500,0.607471,0.633457
05292000,0.512199,0.596071
06306300,0.574708,0.595641
06038800,0.762038,0.493880
01131500,0.758250,0.616904
08104100,0.497974,0.605592
03376300,0.653785,0.673332
05482300,0.548114,0.609424
03338780,0.597605,0.661827
05485500,0.548591,0.632397
06205000,0.678767,0.598678
10BE004,-9999.000000,0.568156
12149000,0.742292,0.612549
07069500,0.658859,0.661183
03168000,0.687491,0.675627
13057000,0.739541,0.515435
02423555,0.650355,0.675467
03503000,0.727164,0.679490
05KH007,-9999.000000,0.567187
12452800,0.737495,0.453383
06279940,0.748330,0.525932
11376550,0.731789,0.514728
03213700,0.685587,0.687683
02326512,0.562428,0.664950
02366000,0.596358,0.662542
03612000,0.660481,0.669754
03373500,0.645231,0.684317
07334000,0.590071,0.637499
02EA005,-9999.000000,0.610881
05496000,0.578665,0.644304
01532000,0.728937,0.635767
01053500,0.761841,0.604299
05504800,0.603039,0.642002
05524500,0.598156,0.650499
01481000,0.676557,0.656732
02337040,0.647527,0.680998
01BH005,-9999.000000,0.572600
11238600,0.721692,0.458823
06815000,0.534493,0.626997
11389500,0.721414,0.538293
02472500,0.642611,0.666958
02298830,0.493563,0.659089
02EC018,-9999.000000,0.633629
08KB003,-9999.000000,0.594014
07FD011,-9999.000000,0.561412
06433000,0.616603,0.622666
05LE004,-9999.000000,0.568775
06282000,0.692286,0.545946
06917680,0.599741,0.644226
07346050,0.608311,0.632109
08MG001,-9999.000000,0.584541
05333500,0.637152,0.622118
02337170,0.663595,0.692798
04137500,0.678805,0.636135
01518700,0.717499,0.637361
09506000,0.540293,0.561686
07076620,0.662421,0.664321
01047000,0.761720,0.597141
09409880,0.624326,0.530068
07351750,0.642254,0.654380
01520500,0.713446,0.644175
08186000,0.519456,0.605433
06453600,0.474546,0.612265
08065800,0.562739,0.629733
09085000,0.747786,0.518712
03249500,0.680305,0.692589
05458500,0.582302,0.622971
02342500,0.625655,0.677699
02347500,0.640081,0.689306
13082500,0.630226,0.562925
02ZF001,-9999.000000,0.608206
06917380,0.588452,0.632425
05458300,0.582406,0.620644
10109001,0.757634,0.487377
10322000,0.594049,0.523253
05313500,0.529384,0.601029
02320500,0.575116,0.697392
07189000,0.635000,0.655763
06228000,0.636436,0.542993
01118500,0.734534,0.649863
03189600,0.727694,0.674717
05PB018,-9999.000000,0.600696
05365500,0.634411,0.626151
05RA001,-9999.000000,0.596775
06701900,0.535246,0.561095
02481510,0.635061,0.681536
05292704,0.509139,0.591139
14174000,0.745047,0.605207
06718300,0.739938,0.519860
11289660,0.720188,0.478519
04071765,0.636458,0.623335
09118450,0.656533,0.511492
06329500,0.474150,0.649167
02134500,0.575494,0.685142
05474000,0.570410,0.651588
07050700,0.637971,0.648450
01021500,0.762490,0.602561
08LD001,-9999.000000,0.550261
06803080,0.506167,0.610844
07382500,0.628260,0.669623
08DB001,-9999.000000,0.535874
03353000,0.615510,0.671978
09468500,0.516083,0.555225
08013500,0.638736,0.678731
11276500,0.717620,0.435581
03FC007,-9999.000000,0.548902
03301000,0.645580,0.680526
06884200,0.500707,0.604511
08014500,0.634862,0.669225
03BF001,-9999.000000,0.596531
02147500,0.627894,0.658932
05430175,0.589926,0.620251
02087500,0.633745,0.679269
040851385,0.594011,0.637172
04125550,0.687752,0.637654
03275000,0.639650,0.668744
13112000,0.695186,0.543909
05079000,0.584971,0.599902
04099750,0.614374,0.645719
11372000,0.738046,0.495949
07BC006,-9999.000000,0.582072
03207800,0.686650,0.677964
08208000,0.450230,0.588226
02418500,0.659050,0.697075
08HA001,-9999.000000,0.623318
06395000,0.420631,0.625940
02032515,0.663930,0.647956
05532500,0.566117,0.647642
03208500,0.693442,0.690017
03276000,0.643655,0.665883
05076000,0.528450,0.595471
14337600,0.749322,0.537153
09303000,0.765763,0.477765
09083800,0.756522,0.515919
02462500,0.664367,0.696776
05446500,0.597136,0.646014
07178200,0.562221,0.630533
03237500,0.666169,0.676111
12413000,0.755258,0.550848
01636500,0.663569,0.671975
03OC003,-9999.000000,0.565391
05543500,0.597942,0.672842
06882510,0.492790,0.631002
05471200,0.561758,0.619043
03403910,0.712971,0.675081
06414000,0.617711,0.613834
13186000,0.745238,0.444446
06352000,0.417474,0.584476
06334500,0.442613,0.617775
12044900,0.714987,0.522848
12027500,0.748596,0.647289
01189995,0.740966,0.633233
03375500,0.664059,0.666505
02486000,0.660425,0.684824
05OE004,-9999.000000,0.584833
01613000,0.695121,0.675478
11417500,0.715109,0.474699
08193000,0.407699,0.594332
05507800,0.592976,0.658213
03274000,0.623427,0.676701
01618000,0.686428,0.676641
04184500,0.625046,0.635347
13313000,0.733288,0.441653
08319000,0.516246,0.591826
08098290,0.427119,0.663108
08086290,0.477581,0.585942
03QC001,-9999.000000,0.552331
04178000,0.627435,0.644165
11147500,0.692728,0.421747
14201340,0.738442,0.625967
09466500,0.463337,0.597654
07EA007,-9999.000000,0.567914
02327500,0.578918,0.669082
04087000,0.595946,0.634345
08NB012,-9999.000000,0.505752
09503700,0.496481,0.538183
04136000,0.681721,0.632859
02FE009,-9999.000000,0.631232
03277500,0.685692,0.683805
08FB006,-9999.000000,0.547931
11149900,0.701055,0.445866
04262000,0.762560,0.626830
02479300,0.634000,0.671727
02395980,0.672120,0.688913
03107500,0.677679,0.678819
03146500,0.654865,0.672029
03597860,0.683782,0.686183
01130000,0.762214,0.607727
12086500,0.741509,0.568490
06425500,0.495554,0.621860
07EA004,-9999.000000,0.564184
09447000,0.536946,0.580164
10155000,0.745637,0.508193
02400100,0.674353,0.689130
02RH035,-9999.000000,0.590476
01509000,0.729376,0.644512
05BA001,-9999.000000,0.501067
06452320,0.487323,0.593555
02435020,0.654079,0.661140
05495500,0.589761,0.641894
14046000,0.713899,0.559162
09149500,0.597969,0.575139
09067020,0.762503,0.496819
02YS005,-9999.000000,0.611289
14166000,0.747525,0.576934
07058000,0.646846,0.650748
02XA003,-9999.000000,0.569290
06447230,0.460153,0.608743
04067500,0.664197,0.626911
07183500,0.547397,0.641737
01573000,0.688248,0.650525
08FF001,-9999.000000,0.590163
11159000,0.678606,0.452946
12105900,0.743677,0.582275
05594000,0.602598,0.654311
01646500,0.674384,0.684516
08NB014,-9999.000000,0.493044
07039500,0.673482,0.672120
10296500,0.728780,0.446108
01331095,0.750340,0.626702
09469500,0.467939,0.599738
04063500,0.680731,0.618446
02482000,0.661961,0.669848
04136900,0.680158,0.633271
09482500,0.389639,0.541684
05387500,0.600134,0.618296
06711500,0.586820,0.595696
05550001,0.605779,0.639840
06866900,0.418590,0.596176
07221000,0.489967,0.611476
01553500,0.721125,0.652794
13335690,0.759897,0.522679
03331753,0.612518,0.662262
07FA006,-9999.000000,0.585516
02034000,0.661631,0.659380
07057500,0.650145,0.655523
06308500,0.457072,0.626653
02035000,0.677501,0.683481
11451000,0.718661,0.474262
02376033,0.634046,0.691911
03AB002,-9999.000000,0.600901
08017410,0.574145,0.636720
06797500,0.441093,0.614972
07305000,0.450507,0.598909
08109800,0.542852,0.612344
07021000,0.676135,0.664348
06340500,0.427378,0.595241
04286000,0.746660,0.624258
05483450,0.543524,0.615523
14306500,0.743347,0.609700
03352500,0.625106,0.663572
02317500,0.573306,0.681821
01608000,0.697009,0.664326
02075045,0.661617,0.677674
06900050,0.595021,0.646345
06360500,0.450389,0.611256
02FC016,-9999.000000,0.615546
12449950,0.746975,0.477652
03142000,0.665004,0.676089
05585000,0.596036,0.650929
02464000,0.672955,0.678802
07216500,0.562564,0.576173
07257500,0.668791,0.656435
08181800,0.511386,0.604998
07ED001,-9999.000000,0.573442
05418400,0.590152,0.623989
06195600,0.632333,0.605727
14092500,0.676569,0.567685
03212980,0.688543,0.684275
07067000,0.661888,0.668630
04235500,0.706231,0.663243
03251200,0.666637,0.679975
06078200,0.604271,0.600285
06863500,0.435589,0.591576
07016500,0.643479,0.663078
01541303,0.717775,0.657309
07027720,0.654419,0.665280
04065106,0.675357,0.620640
02016000,0.696750,0.666307
05593945,0.602409,0.653385
07190500,0.579023,0.669230
05470000,0.560926,0.616793
06799500,0.509756,0.612463
02312000,0.503216,0.684815
11152000,0.721671,0.455827
05582000,0.596739,0.662316
02081747,0.639382,0.670137
07338500,0.648001,0.657865
02RH047,-9999.000000,0.588316
06220800,0.728296,0.512072
06DA004,-9999.000000,0.549862
05567500,0.608681,0.657545
01474500,0.680355,0.660397
01350355,0.748827,0.624446
01539000,0.715393,0.643728
03029500,0.732617,0.642209
07FB009,-9999.000000,0.598255
02350900,0.615623,0.666481
14044000,0.733654,0.542226
06890100,0.547484,0.619375
10132000,0.713738,0.537052
02037500,0.676134,0.684774
12354000,0.750688,0.521161
13250000,0.736701,0.491093
10350340,0.695039,0.479261
02481880,0.660697,0.669215
01059000,0.757107,0.616082
13055000,0.739621,0.528711
01AF007,-9999.000000,0.608061
01064500,0.763022,0.610360
02388500,0.683055,0.692164
05123510,0.471233,0.576805
06472000,0.502922,0.601877
02474560,0.643319,0.682582
03376500,0.653286,0.674547
12372000,0.751699,0.529028
13062500,0.717922,0.526843
02151500,0.673029,0.682710
05UH002,-9999.000000,0.526405
07FC001,-9999.000000,0.575673
05UG001,-9999.000000,0.528103
09415000,0.528535,0.565125
01634000,0.654941,0.665678
04186500,0.613230,0.665038
01545500,0.723998,0.649982
07342500,0.587250,0.629514
07142620,0.418127,0.589303
06276500,0.658760,0.526148
05316500,0.534825,0.601499
03453500,0.690477,0.694738
07064000,0.665403,0.674152
07143300,0.467863,0.585386
06279500,0.480039,0.594647
02160390,0.651364,0.661050
05DF003,-9999.000000,0.589095
14307620,0.745123,0.625343
05458000,0.584827,0.614818
01205500,0.736423,0.643825
11443500,0.718477,0.474330
09205000,0.615804,0.488006
02116500,0.656226,0.687791
06804700,0.508162,0.607580
05CB002,-9999.000000,0.603916
13340000,0.745003,0.536470
06917000,0.582813,0.625676
11242000,0.722756,0.458728
03040000,0.714034,0.662077
02298123,0.443415,0.663509
07166500,0.538719,0.625150
10293000,0.715090,0.450439
04101800,0.645616,0.646194
06108000,0.508329,0.594419
05395000,0.643146,0.615688
04100500,0.620766,0.661049
08041780,0.617225,0.683547
09430500,0.533716,0.571306
01573825,0.669229,0.651766
01672500,0.666724,0.670006
14148000,0.747723,0.541640
07376000,0.638191,0.679670
02428400,0.656245,0.711204
05CA012,-9999.000000,0.602429
10347460,0.712226,0.453089
13047600,0.755462,0.511780
02105769,0.619721,0.694732
05LE008,-9999.000000,0.562024
02177000,0.719824,0.678406
07155590,0.360679,0.608192
13305310,0.698796,0.529606
06478500,0.497731,0.620478
12359800,0.773436,0.500013
02234000,0.473206,0.697353
03604000,0.690638,0.686749
03588500,0.683245,0.679073
02109500,0.609899,0.678937
01449000,0.739599,0.640090
08MF065,-9999.000000,0.535160
02322800,0.519022,0.676675
09413000,0.570100,0.527873
05400760,0.629962,0.627001
08206700,0.417653,0.579880
07383500,0.618905,0.651867
02077303,0.659747,0.667924
02477990,0.652409,0.676093
06025250,0.709898,0.527271
13075500,0.690595,0.560541
04164000,0.578371,0.652016
07MA003,-9999.000000,0.567339
10318500,0.631072,0.520748
09497800,0.596314,0.563915
03539800,0.709201,0.686199
02321500,0.514800,0.672138
05TD001,-9999.000000,0.565119
08FB007,-9999.000000,0.543593
03234500,0.626483,0.691293
02344500,0.631315,0.677479
02233484,0.491790,0.681423
03106500,0.701623,0.664915
08EF005,-9999.000000,0.558846
01031500,0.761826,0.596214
01629500,0.665697,0.668359
02450000,0.652821,0.676123
11109525,0.703484,0.428314
11342000,0.743829,0.496571
03109500,0.665302,0.674089
11179000,0.674019,0.471127
09237450,0.742828,0.506050
14238000,0.731618,0.557695
03CB004,-9999.000000,0.565692
08227000,0.610183,0.523061
02352500,0.614900,0.697040
05051600,0.508787,0.582626
08189500,0.479502,0.609435
06326500,0.443668,0.638806
06730200,0.652277,0.604298
06287000,0.484997,0.601513
08KA008,-9999.000000,0.542089
07362100,0.665038,0.659970
08093500,0.552515,0.591191
14197900,0.743226,0.614208
06899500,0.586334,0.645368
12457000,0.714297,0.461709
03369500,0.663994,0.670780
03155000,0.698423,0.682792
05484650,0.549053,0.625541
07159750,0.510068,0.604213
05497150,0.577681,0.645329
03374000,0.638029,0.687125
01EF001,-9999.000000,0.620467
06101500,0.490249,0.617755
03069500,0.742240,0.660760
07140000,0.393023,0.663459
05500000,0.579594,0.641863
07363400,0.652856,0.653763
06709000,0.490101,0.603285
07025400,0.652081,0.669126
04247000,0.729460,0.651716
03016000,0.737573,0.654836
05320500,0.559152,0.616434
05472500,0.569800,0.636116
08LG008,-9999.000000,0.567617
09070500,0.723740,0.521815
07EE010,-9999.000000,0.608505
01BJ003,-9999.000000,0.594719
08KB001,-9999.000000,0.596306
03381500,0.624043,0.677731
03604400,0.690180,0.686990
05578500,0.604320,0.649149
02439400,0.683688,0.672181
09447800,0.463780,0.559846
09034250,0.734512,0.503884
06887500,0.434443,0.656959
07035800,0.668400,0.663833
04041500,0.709853,0.617274
14372300,0.744183,0.576754
034315005,0.685322,0.711085
09365000,0.558076,0.581767
07344493,0.606459,0.632878
02052000,0.651875,0.679047
01671020,0.663768,0.667737
09408135,0.592158,0.569977
06123030,0.530004,0.607863
12354500,0.705854,0.555374
02440500,0.657080,0.669222
07174400,0.547314,0.619975
02NE011,-9999.000000,0.608987
03227500,0.615474,0.679153
01417500,0.747285,0.632362
09400350,0.426533,0.607351
02268903,0.445849,0.688783
10311400,0.701625,0.487979
05051522,0.520097,0.604535
03225500,0.629736,0.669082
06902000,0.583849,0.655852
08317400,0.529261,0.581971
11123000,0.707095,0.408002
05062000,0.537068,0.591466
02233500,0.492316,0.681416
02297310,0.494287,0.661884
023177483,0.565950,0.666302
02341505,0.653717,0.706379
06605850,0.547129,0.607187
02054500,0.669582,0.660493
04FA001,-9999.000000,0.581651
02319800,0.577938,0.695329
06873000,0.430321,0.593698
12331500,0.679089,0.568366
07145500,0.454745,0.609650
01BF001,-9999.000000,0.582749
03030500,0.731291,0.643171
07EC003,-9999.000000,0.559358
07105800,0.508909,0.607622
02QC009,-9999.000000,0.572400
05431486,0.599852,0.623318
01574000,0.669926,0.657936
04159492,0.626990,0.653573
08NE001,-9999.000000,0.510880
08LF051,-9999.000000,0.580497
08KC001,-9999.000000,0.609303
09512500,0.524746,0.535702
09419700,0.443099,0.461171
03328000,0.620201,0.661265
02041650,0.662147,0.669762
01512500,0.728375,0.652366
02192500,0.647236,0.665304
08401900,0.325966,0.537844
06714000,0.529137,0.601807
02071000,0.660371,0.676373
04180500,0.624174,0.651627
01447800,0.745954,0.639112
02PJ030,-9999.000000,0.616745
07362000,0.663891,0.675016
05597000,0.627566,0.660960
05EF004,-9999.000000,0.569438
08KA005,-9999.000000,0.551417
06881000,0.488277,0.621942
08130700,0.382376,0.571948
13317000,0.730432,0.519459
07288650,0.617225,0.655102
01600000,0.720436,0.650560
11532500,0.740009,0.562815
04024430,0.646888,0.607315
06809500,0.557696,0.627897
08MG005,-9999.000000,0.523026
08110800,0.554434,0.626865
08KF001,-9999.000000,0.585502
11192501,0.689507,0.444505
14211010,0.747209,0.589595
01321000,0.764999,0.607130
08061750,0.555639,0.631453
09444500,0.523153,0.581042
04276500,0.739653,0.630978
09486055,0.408636,0.545734
07314500,0.464275,0.581340
02317620,0.573261,0.686522
05315000,0.548887,0.592648
02312300,0.502390,0.684807
05311000,0.516818,0.609326
01104500,0.725026,0.640438
01BE001,-9999.000000,0.596983
03571000,0.702840,0.688107
06BB003,-9999.000000,0.595153
07096500,0.444383,0.596643
03324000,0.610775,0.662553
06870200,0.426045,0.634904
05078230,0.544855,0.588280
06412200,0.637951,0.611317
08LB069,-9999.000000,0.548237
01BL003,-9999.000000,0.603035
13292000,0.731170,0.526184
07251500,0.651197,0.640457
08033500,0.612880,0.668374
10300000,0.674324,0.472844
01576754,0.657304,0.669521
11023000,0.609115,0.444072
07FB006,-9999.000000,0.596088
09239500,0.749452,0.512597
14018500,0.666150,0.582145
01503000,0.733528,0.660558
08FF002,-9999.000000,0.585973
12451000,0.713243,0.464424
06357800,0.432093,0.612001
02369000,0.615354,0.675482
07341200,0.666004,0.642268
02323500,0.565030,0.703440
02YO008,-9999.000000,0.601978
03272100,0.621630,0.675370
09431500,0.514417,0.578939
07FD007,-9999.000000,0.598794
07169500,0.532865,0.621839
14232500,0.712871,0.521183
06FA001,-9999.000000,0.529891
07153000,0.529991,0.609434
04182000,0.603261,0.669943
05489000,0.586783,0.637367
10CB001,-9999.000000,0.572617
03363500,0.639263,0.664699
05457700,0.582684,0.617691
12448500,0.755579,0.454810
06421500,0.569269,0.617554
05212700,0.615435,0.603872
04DC002,-9999.000000,0.566595
05462000,0.568798,0.620313
05558300,0.600192,0.673880
12396500,0.725732,0.558331
06418900,0.602551,0.616144
02472850,0.640404,0.659959
11421000,0.722126,0.495597
10351650,0.681678,0.485621
07AC007,-9999.000000,0.601746
02414715,0.665477,0.696706
03011020,0.737043,0.649987
07346045,0.620548,0.638176
02075500,0.661251,0.679179
14048000,0.678031,0.596472
02QA002,-9999.000000,0.597845
09346400,0.684624,0.534758
06814000,0.534950,0.613200
06406500,0.500669,0.610859
13235000,0.739079,0.436283
02303000,0.476973,0.673966
07034000,0.664693,0.665311
06731000,0.565813,0.611823
06878000,0.505156,0.612209
07364100,0.664122,0.684506
05412400,0.601688,0.616046
01505000,0.728044,0.648555
09499000,0.607650,0.544021
07124000,0.425209,0.652523
04275500,0.753976,0.634728
07324200,0.459374,0.582966
05455100,0.572567,0.628039
03379500,0.616055,0.670152
08026000,0.617627,0.686734
11522500,0.749496,0.504776
03250500,0.678596,0.697110
09249750,0.730994,0.521700
03349000,0.620784,0.666112
04223000,0.725569,0.652945
06091700,0.759030,0.545991
03237020,0.631482,0.691392
03295890,0.633986,0.677723
14316500,0.742311,0.511042
13147900,0.718766,0.483074
07382000,0.633599,0.667009
02328522,0.578388,0.672177
09474000,0.458096,0.600919
02167450,0.646758,0.661088
13032500,0.754606,0.489442
12334510,0.737532,0.549964
14226500,0.721178,0.521862
09424447,0.534825,0.499336
11270900,0.719333,0.491137
08069000,0.542129,0.637138
05455700,0.574582,0.645000
06025500,0.697462,0.531254
04267500,0.758924,0.626419
01BJ007,-9999.000000,0.598144
03085000,0.708040,0.690191
08041500,0.613966,0.658417
06884025,0.489428,0.619193
06192500,0.750501,0.517946
04074950,0.671809,0.615586
07182510,0.537712,0.623819
06625000,0.765993,0.502762
02330000,0.579085,0.678917
07332500,0.570951,0.621751
11477000,0.735674,0.514386
03593500,0.686653,0.724885
07221500,0.427139,0.643746
07BB005,-9999.000000,0.592867
07109500,0.490916,0.618480
01358000,0.741977,0.640777
01199000,0.742901,0.634065
03436100,0.642445,0.676764
04062000,0.679591,0.615922
05476000,0.537045,0.606220
08NH005,-9999.000000,0.535375
05437050,0.604429,0.632551
02RF001,-9999.000000,0.599006
03410500,0.707793,0.691399
11216200,0.717476,0.434565
08KD007,-9999.000000,0.594002
14357500,0.737776,0.565647
04208504,0.670615,0.674165
04235600,0.685635,0.671801
12335100,0.737168,0.561579
08255500,0.675082,0.516223
02318500,0.570338,0.677841
10131000,0.714059,0.534128
02372422,0.631957,0.680333
08NH007,-9999.000000,0.516788
06893578,0.544673,0.631656
14233500,0.724184,0.537526
04096405,0.630219,0.647307
06758500,0.469067,0.642761
08NN022,-9999.000000,0.553364
06108800,0.453284,0.604928
05078000,0.563785,0.594350
06897500,0.576504,0.646244
04059500,0.677439,0.622015
03455000,0.689784,0.700702
13341050,0.745541,0.533238
06821190,0.565325,0.647626
02374700,0.640975,0.676772
03269500,0.629161,0.666739
01471510,0.686664,0.652121
02049500,0.643691,0.681769
01576500,0.664560,0.665134
11246700,0.723704,0.468097
03203600,0.681271,0.681055
14111400,0.746717,0.496745
05508805,0.604886,0.640771
05593000,0.605790,0.679148
01151500,0.753671,0.611444
09188500,0.739857,0.453851
06701500,0.533284,0.556069
07029500,0.670496,0.680572
05SA002,-9999.000000,0.589462
02236000,0.474670,0.707741
05487980,0.588000,0.635116
05447500,0.604243,0.647001
11348500,0.703228,0.540761
04105000,0.640657,0.654045
03336645,0.609842,0.653558
01559000,0.702289,0.656418
02VC001,-9999.000000,0.561046
10020300,0.666098,0.517397
02359170,0.618506,0.716700
08289000,0.617787,0.561299
09242500,0.762656,0.498670
04LM001,-9999.000000,0.605890
14189000,0.745011,0.581791
06904010,0.584636,0.636449
02256500,0.437171,0.657544
07337900,0.657225,0.647385
10396000,0.715415,0.504773
10118000,0.682703,0.541962
06639000,0.510099,0.563040
11114000,0.677416,0.427472
06294000,0.506411,0.615174
08KE009,-9999.000000,0.595088
03091500,0.656842,0.675149
01144000,0.743744,0.611475
01454700,0.710802,0.650747
11070500,0.630681,0.447875
06724000,0.717012,0.588110
08175000,0.512714,0.601532
11464000,0.721046,0.484023
01318500,0.757378,0.618768
02336000,0.673881,0.684881
07311900,0.458443,0.572642
01036390,0.758255,0.613964
03157500,0.662268,0.671124
07196500,0.620857,0.653969
09163500,0.665112,0.565272
04189000,0.622969,0.665614
10CC002,-9999.000000,0.561614
09404900,0.583794,0.547516
03281500,0.689991,0.686084
06119600,0.602612,0.596980
12324590,0.644248,0.568933
01473000,0.679970,0.646990
07325000,0.467575,0.590903
06607500,0.537761,0.618418
04DA001,-9999.000000,0.583492
05404000,0.616014,0.637189
08073700,0.553947,0.635088
14211720,0.743114,0.621443
02217475,0.656231,0.672998
14361500,0.742446,0.570588
01547500,0.702722,0.651118
02YA001,-9999.000000,0.580166
04073365,0.580366,0.633649
12422500,0.747100,0.567024
02489000,0.656756,0.693571
08211000,0.412264,0.621490
06918440,0.605987,0.641596
02294655,0.445157,0.663502
03193000,0.687116,0.692508
06408500,0.587156,0.597881
04113000,0.620409,0.660684
06813500,0.464414,0.676821
05KC001,-9999.000000,0.565736
02160700,0.652929,0.666360
06914100,0.559079,0.625231
10126000,0.677557,0.545615
06877600,0.443480,0.636894
01606500,0.718527,0.666391
11070150,0.667772,0.450335
02350600,0.620040,0.661368
06473000,0.503257,0.603164
03BC002,-9999.000000,0.588024
02YR003,-9999.000000,0.607667
07104000,0.518796,0.605666
01197500,0.744450,0.634453
03348000,0.623041,0.660957
08323000,0.621772,0.518387
06814500,0.527323,0.621486
07FB008,-9999.000000,0.603523
04252500,0.762844,0.623817
06713000,0.440078,0.607660
06471000,0.498245,0.595580
07177500,0.565844,0.626583
12134500,0.720818,0.549460
09432000,0.504546,0.580244
03443000,0.718066,0.676587
01ED005,-9999.000000,0.625364
05514500,0.609024,0.654565
02414500,0.667974,0.692186
05353800,0.586170,0.610716
03098600,0.661409,0.677991
07311700,0.456865,0.563258
08ME025,-9999.000000,0.530593
06803555,0.500238,0.617266
13011900,0.763994,0.446300
05570000,0.596215,0.655514
12388200,0.730256,0.568165
02310947,0.502121,0.675597
11427000,0.729077,0.505876
04027500,0.675920,0.621016
13140800,0.737831,0.448711
07143665,0.493506,0.603850
05413500,0.585389,0.619751
03105500,0.672837,0.676643
13139500,0.742673,0.444585
07055608,0.638477,0.659810
08041000,0.617807,0.674620
11413520,0.722789,0.479538
07377000,0.651442,0.669280
03032500,0.714983,0.650632
12342500,0.761487,0.505804
01554000,0.719875,0.664136
07AH002,-9999.000000,0.587132
07261500,0.677451,0.656085
04084445,0.594484,0.636773
05528000,0.606404,0.634676
11012000,0.659613,0.454845
12395000,0.759048,0.530515
08068090,0.573400,0.646961
05411850,0.597855,0.617242
06915800,0.557203,0.634387
01EG002,-9999.000000,0.620241
01598500,0.727668,0.652026
03333700,0.612783,0.660973
02YK002,-9999.000000,0.588706
03351000,0.618907,0.670283
07243500,0.540065,0.622209
08217500,0.709640,0.483109
03360000,0.639159,0.662051
08MG013,-9999.000000,0.547231
03323500,0.599528,0.668953
02PA007,-9999.000000,0.609987
08LB064,-9999.000000,0.563907
04045500,0.723406,0.619254
04097500,0.624360,0.657903
02130561,0.636107,0.698607
02350512,0.618797,0.695841
03202400,0.678635,0.683418
09504000,0.523172,0.554266
07315700,0.500009,0.592560
03197000,0.716076,0.691307
02455000,0.663739,0.674561
02174000,0.590337,0.686423
07145200,0.449517,0.595955
05501000,0.590197,0.642650
08LG048,-9999.000000,0.555820
08055500,0.535336,0.623028
06345780,0.439868,0.590016
