basin_id,sum(msi_paras)
11462500,0.488312
07169800,0.613922
06751150,0.603955
14210000,0.548975
02207335,0.677775
08110800,0.626865
05399500,0.613562
11325500,0.479947
06918070,0.650815
06876070,0.616116
14361500,0.570588
05293000,0.597349
08KG003,0.574169
11177000,0.471316
03360500,0.678051
03136500,0.664039
08014500,0.669225
08220000,0.495804
05053000,0.592080
11473900,0.488200
07301500,0.591971
05080000,0.599525
03155000,0.682792
09070000,0.515809
07188000,0.656667
05527500,0.670718
03281000,0.690779
12331800,0.585410
01125500,0.632960
10317500,0.503600
12413500,0.552624
0212433550,0.669173
08NH119,0.502434
07108900,0.612350
03604000,0.686749
02469761,0.707611
05DF004,0.601630
09365000,0.581767
02RH047,0.588316
03378635,0.660711
14243000,0.582726
01573825,0.651766
02024752,0.678202
06025250,0.527271
04066500,0.612566
02105500,0.691605
05OE006,0.582805
06635000,0.573976
03179000,0.687687
03198000,0.696945
06607200,0.608317
05404000,0.637189
02321500,0.672138
09237450,0.506050
03459500,0.676347
07301420,0.564360
12099200,0.553941
09253000,0.504268
11342000,0.496571
07335000,0.627814
12098500,0.553884
03320000,0.700842
03209000,0.695421
11143250,0.456216
02148000,0.701441
05529000,0.640893
05545750,0.633973
08GA071,0.530679
02077303,0.667924
09442000,0.582759
04FA003,0.578313
03194700,0.670718
06188000,0.500672
09403600,0.539211
02PC009,0.615306
08017410,0.636720
01515000,0.659546
04066030,0.623834
08210000,0.620193
04185000,0.641840
06099000,0.608541
01470500,0.643782
08LA001,0.572465
07359002,0.666212
03362500,0.667381
02207220,0.673459
09444500,0.581042
07311900,0.572642
07AG004,0.610703
01081500,0.617164
06276500,0.526148
02NF003,0.616887
02054510,0.660453
08053000,0.622210
03597860,0.686183
04069500,0.628196
03171000,0.676256
03365500,0.673816
06887500,0.656959
09512406,0.586977
02QC009,0.572400
02047000,0.673664
02EC018,0.633629
08041780,0.683547
13055340,0.532435
02GB007,0.642008
02400100,0.689130
03373500,0.684317
02ZF001,0.608206
12061500,0.598671
01346000,0.627231
02202500,0.695322
09364010,0.536604
03212980,0.684275
12323600,0.584249
02232000,0.684507
14306500,0.609700
03324000,0.662553
02225000,0.702569
06803486,0.608006
01556000,0.658621
02MC001,0.631250
02WB003,0.563461
01350000,0.616872
07191288,0.650094
05LD001,0.566532
13338500,0.557946
06307500,0.600095
11292900,0.439241
06752000,0.590708
02LH004,0.627887
05QE012,0.595444
04GB004,0.591716
09174600,0.556930
03230500,0.681417
04096405,0.647307
06893578,0.631656
06917680,0.644226
10126000,0.545615
11433300,0.482335
06447450,0.633346
06478600,0.599839
05127000,0.607348
11316600,0.448007
03342500,0.661739
04286000,0.624258
12448998,0.457479
01065500,0.608272
11278300,0.432768
01034000,0.601841
04099750,0.645719
02135200,0.709444
08NJ013,0.533433
05481000,0.611840
04073500,0.635363
05DC011,0.577340
040851385,0.637172
04063000,0.617010
09081000,0.510403
04227000,0.655942
03467609,0.704925
02105769,0.694732
08GE002,0.537597
05443500,0.642780
12338300,0.521153
09110000,0.480764
03049500,0.669141
12342500,0.505804
07021000,0.664348
02312720,0.682747
08MF065,0.535160
01389500,0.646229
01104500,0.640438
13246000,0.490121
06450500,0.618368
12324200,0.586487
06359500,0.600765
02130561,0.698607
09508500,0.563363
08051500,0.600148
05440000,0.637877
08020000,0.654411
09246400,0.552775
06921070,0.647840
01ED005,0.625364
02232500,0.689023
06811500,0.621285
01449000,0.640090
02423500,0.672657
04262500,0.641356
06933500,0.668571
03438000,0.664912
09507980,0.537218
10129500,0.522473
08150700,0.595897
06888000,0.611827
05594100,0.679201
04164000,0.652016
05593520,0.661820
02475500,0.665295
05RD008,0.592117
09085000,0.518712
05TD001,0.565119
08206700,0.579880
01189995,0.633233
01549700,0.642263
12167000,0.590167
06904500,0.642120
13200000,0.494829
08KG001,0.593865
06928000,0.660620
02197320,0.696445
08065350,0.659578
06477500,0.592723
08ED001,0.540739
03406500,0.690279
06879100,0.652910
05331000,0.630200
02148315,0.702946
09095500,0.541866
02353500,0.672550
11192500,0.444505
04268000,0.631139
09249750,0.521700
06892350,0.663077
12340000,0.539304
04GA002,0.589543
08FF002,0.585973
06479010,0.610642
07324400,0.585000
03322985,0.669858
07071500,0.664388
07369680,0.661719
12210700,0.558545
13063000,0.533448
03023100,0.660167
05407000,0.642105
02126000,0.675664
05AA008,0.566799
06AF005,0.581861
14187500,0.584759
14033500,0.594143
07106500,0.614903
03408500,0.681843
11108500,0.423085
11501000,0.541846
09432000,0.580244
10109001,0.487377
08EF005,0.558846
04024430,0.607315
11189500,0.430273
04133501,0.640237
10324500,0.538479
08MA001,0.536073
07142620,0.589303
10293000,0.450439
04107850,0.657402
06282000,0.545946
02030500,0.667147
14044000,0.542226
01446500,0.646294
01092000,0.626883
05453100,0.633014
02134500,0.685142
07325500,0.602632
04079000,0.625431
06AG002,0.582197
02323592,0.704392
14191000,0.608449
05568000,0.659959
05462000,0.620313
04148500,0.651582
02034000,0.659380
03513000,0.691353
06120500,0.603708
06078200,0.600285
01113895,0.639644
07334000,0.637499
09109000,0.470963
01454700,0.650747
03041029,0.664434
05469000,0.648764
03016000,0.654836
06485500,0.610020
02088500,0.678027
08NG065,0.550368
05247500,0.603723
05579500,0.650583
03339000,0.667201
06091700,0.545991
02304500,0.675191
06713000,0.607660
12449950,0.477652
06DA004,0.549862
10300000,0.472844
08NK018,0.545823
06340000,0.585901
05387500,0.618296
03MB002,0.530538
01BF001,0.582749
06449500,0.615625
06752260,0.600579
13310700,0.479507
02083500,0.682661
01547500,0.651118
06908000,0.648538
07ED003,0.578793
09118450,0.511492
02RD002,0.588830
06709530,0.603244
06926000,0.673216
02YL001,0.591813
03247500,0.677478
11528700,0.494269
02317500,0.681821
06854000,0.600184
06317000,0.615047
11152000,0.455827
06AG001,0.590496
02328522,0.672177
06439000,0.588992
06917000,0.625676
04108670,0.656098
05578500,0.649149
11517500,0.511122
05437050,0.632551
06114700,0.629547
03213700,0.687683
07211500,0.633053
02488500,0.691902
03015000,0.655444
11192501,0.444505
08066500,0.677608
02174000,0.686423
05465500,0.646123
02KF016,0.626896
08HA001,0.623318
04182000,0.669943
10CC002,0.561614
03284500,0.702922
05430175,0.620251
09497980,0.532099
0351706800,0.679010
08152000,0.580805
10092700,0.544660
09132500,0.539270
03234300,0.678011
02322500,0.675059
02355662,0.700269
02YQ001,0.610127
07147800,0.620194
14152000,0.562044
08NH007,0.516788
01627500,0.653861
07069500,0.661183
02365500,0.681257
13310199,0.496288
04062011,0.616441
09083800,0.515919
04186500,0.665038
08092000,0.602732
07242380,0.607518
13147900,0.483074
11417500,0.474699
01010500,0.600798
01350101,0.616870
05453520,0.636720
02473500,0.656264
08268700,0.564982
10140100,0.510648
03237020,0.691392
06930060,0.659391
08EE004,0.567696
11216200,0.434565
01438500,0.641791
04CB001,0.586185
02341505,0.706379
06440200,0.590438
06664400,0.570305
06347500,0.578698
08065000,0.653637
05MC001,0.559010
06336000,0.625652
06FD002,0.520935
03225500,0.669082
02077000,0.663486
05439500,0.629327
08174600,0.605055
06447230,0.608743
03161000,0.664475
11043000,0.435824
02408540,0.679902
07344493,0.632878
05KF001,0.574526
02045500,0.662082
08053500,0.606062
14231000,0.540085
02337040,0.680998
04136500,0.633340
07019000,0.677576
03510577,0.688011
09442680,0.558302
08153500,0.591670
02236125,0.709685
06787000,0.608248
08019200,0.651272
14337600,0.537153
03245500,0.679012
05368000,0.613313
09213500,0.515204
06220500,0.516115
05484900,0.626422
06426500,0.600957
07067000,0.668630
03424730,0.679609
06913500,0.627203
07GC002,0.603911
05056000,0.586591
05057200,0.575697
09106150,0.547628
03308500,0.692971
05061500,0.592893
09415000,0.565125
01671025,0.667739
09346400,0.534758
13141000,0.455523
03234500,0.691293
01473000,0.646990
06406500,0.610859
03539800,0.686199
01388500,0.638082
02225500,0.684428
03335000,0.666298
06308500,0.626653
05583000,0.668564
03371500,0.684159
14321000,0.594427
02156500,0.686995
12388200,0.568165
13331500,0.513336
05DF003,0.589095
07170990,0.633639
05488500,0.640626
07328100,0.614483
07106300,0.612537
01570000,0.650383
08ME025,0.530593
14137000,0.562023
01049500,0.619188
04156000,0.637669
08181500,0.602713
06483290,0.601383
05046000,0.593224
12086500,0.568490
04NB001,0.610444
06102050,0.621321
13050500,0.518158
11114000,0.427472
10155200,0.508219
12194000,0.505076
05313500,0.601029
05489000,0.637367
07371500,0.663513
11152050,0.454894
07346070,0.637161
11444500,0.474287
04150500,0.651882
03290500,0.707197
11303500,0.511512
06BB005,0.586508
06927000,0.651258
06FB002,0.519270
02419000,0.672930
05587000,0.659541
02177000,0.678406
07030500,0.671682
01154500,0.624343
02232400,0.684878
03326500,0.665542
05330000,0.625880
14207500,0.610267
06109500,0.628496
14310000,0.574718
02KJ007,0.618223
01603000,0.654093
03404500,0.688920
11186000,0.390012
03363500,0.664699
05506350,0.651813
06696000,0.551326
08KA007,0.542576
01BJ003,0.594719
06902000,0.655852
02489000,0.693571
08150000,0.574776
12150800,0.596817
03568000,0.718112
05410490,0.630400
06600500,0.607212
03051000,0.676417
03AC004,0.612621
06482020,0.601997
07FB009,0.598255
08HF005,0.614359
07024500,0.658297
05291000,0.591478
02399200,0.671899
05576000,0.655645
07243500,0.622209
07FB003,0.598313
09135950,0.556897
04165500,0.654633
05030500,0.594922
01541200,0.658697
08068800,0.631874
07037500,0.667686
11475000,0.502203
02462500,0.696776
13010065,0.463266
11463000,0.486327
02303000,0.673966
09261000,0.568572
13210050,0.486538
05432500,0.623997
05540500,0.642913
02412000,0.688885
02338000,0.695550
02166501,0.685461
04282500,0.629923
07151500,0.608645
05CB002,0.603916
01541000,0.657321
12035000,0.647100
05BA001,0.501067
11376000,0.498330
07185000,0.649221
09260000,0.563996
04136000,0.632859
05422000,0.641813
08284100,0.505980
05LC001,0.565377
06345780,0.590016
03285000,0.688061
06453600,0.612265
06025500,0.531254
01015800,0.611683
03214500,0.692147
14305500,0.614497
03114500,0.674651
06917560,0.630903
09502000,0.583966
07028960,0.663917
08013000,0.675571
07362500,0.652685
02YS005,0.611289
04154000,0.633701
02116500,0.687791
03465500,0.690743
05336700,0.607817
021556525,0.672402
07146830,0.610786
11481000,0.530800
05480500,0.621924
06914000,0.625223
05506800,0.646165
08HD011,0.586553
03105500,0.676643
03208500,0.690017
12424000,0.599047
08026000,0.686734
11242000,0.458728
03461500,0.690241
03036500,0.660967
02294898,0.663457
05315000,0.592648
07179730,0.610934
02312300,0.684807
06316400,0.600798
04086600,0.634381
07144200,0.610610
02YN002,0.585835
03140500,0.681597
02456500,0.682289
02129000,0.696261
10020100,0.516905
12415140,0.543816
02363000,0.662829
05212700,0.603872
07189000,0.655763
02240000,0.682885
01512500,0.652366
06470878,0.594193
08NE039,0.553889
05PH003,0.591177
07056700,0.653845
13206000,0.479102
01036390,0.613964
04178000,0.644165
01614000,0.650109
13055000,0.528711
06866500,0.633199
14038530,0.527036
08036500,0.651643
02374700,0.676772
06607500,0.618418
02313000,0.681888
09301500,0.517660
01351500,0.632462
05585830,0.644812
07179500,0.609037
04112500,0.648293
08049500,0.620403
02313230,0.682464
02163001,0.682881
02311500,0.683335
05536290,0.655158
01EF001,0.620467
13331450,0.515158
09505800,0.540386
09514100,0.608920
13135000,0.573232
09504000,0.554266
06305700,0.580803
07281600,0.680338
01081000,0.615128
12334550,0.574551
02366500,0.685312
01AP002,0.618965
05582000,0.662316
02EA005,0.610881
13269000,0.585848
04027500,0.621016
07AC007,0.601746
01421000,0.632013
03331753,0.662262
07346045,0.638176
03310300,0.683117
02446500,0.681040
05458500,0.622971
12354000,0.521161
05LJ007,0.585897
01144000,0.611475
06442900,0.591226
07180200,0.606644
10322500,0.527444
06884200,0.604511
11134000,0.412407
12301300,0.543320
08173900,0.624723
03369500,0.670780
01049205,0.612060
09504500,0.540765
02414715,0.696706
05270700,0.615873
06186500,0.468195
04235440,0.657535
08JB003,0.587642
01674500,0.670859
01172010,0.628828
02319000,0.679116
07268000,0.663375
05592100,0.670786
05472500,0.636116
07152000,0.616283
03363900,0.668820
14087400,0.571693
12413470,0.541863
09418700,0.536889
01104200,0.638978
01541303,0.657309
03438220,0.713924
05516500,0.663874
06FA001,0.529891
12395500,0.557690
03NF001,0.525957
02026000,0.680144
05586100,0.682787
02YL008,0.580544
08015500,0.677650
06274300,0.590379
08LB069,0.548237
06754000,0.628050
09303000,0.477765
03336000,0.677534
03402900,0.685981
01046500,0.603593
06661585,0.569992
02YC001,0.581371
02075500,0.679179
03455000,0.700702
04230500,0.657420
05UF004,0.535798
05LJ005,0.574909
06606600,0.611421
01545000,0.636455
05514500,0.654565
07MA003,0.567339
07376000,0.679670
10136500,0.542892
01183500,0.627077
10310407,0.476534
11149900,0.445866
12451000,0.464424
13345000,0.569505
02130980,0.682099
03603000,0.696793
11066460,0.446156
01371500,0.647030
05471500,0.633680
08106500,0.633561
10155300,0.508104
05385000,0.621207
05416900,0.621582
07052345,0.642527
08180700,0.596728
06425100,0.623853
13027500,0.511761
05556500,0.642232
14200000,0.625939
02169500,0.694564
01343060,0.606162
12433000,0.580438
02297310,0.661884
01559000,0.656418
06354000,0.599884
13292000,0.526184
03251500,0.697836
04097500,0.657903
11289660,0.478519
07312200,0.572658
03107500,0.678819
03409500,0.691876
06471200,0.575685
08KH019,0.589566
07AG003,0.599877
02482000,0.669848
06870200,0.634904
02LG005,0.612106
06313500,0.588998
07016500,0.663078
04155000,0.629646
09496500,0.571653
12370000,0.533598
06208500,0.598204
06019500,0.558994
07105800,0.607622
14308000,0.577635
08164390,0.628082
07337900,0.647385
13011900,0.446300
09361500,0.508541
03AB002,0.600901
02OJ024,0.632798
02489500,0.697027
05466500,0.646206
09510000,0.563679
13237920,0.472007
01155910,0.607559
08022040,0.664294
04149000,0.652352
09342500,0.511634
03146500,0.672029
01509000,0.644512
11278400,0.437683
06307616,0.611784
06464500,0.613173
03272000,0.663470
01562000,0.649724
07351750,0.654380
05487980,0.635116
02PJ007,0.620615
09447800,0.559846
05555300,0.657418
02016500,0.673611
06088500,0.590737
06279940,0.525932
03374000,0.687125
09366500,0.551030
02326900,0.664219
05421740,0.632728
11376550,0.514728
07052500,0.653648
09180000,0.583153
03612000,0.669754
10339419,0.450233
09097900,0.543495
01474500,0.660397
06921350,0.647375
02029000,0.680472
02376500,0.686358
03117000,0.672291
05060100,0.580905
11109525,0.428314
02153200,0.684957
03070000,0.662720
05OE007,0.581563
02318500,0.677841
08NL050,0.548218
08084800,0.557568
05594800,0.667721
02QB011,0.580700
08255500,0.516223
13047600,0.511780
05458900,0.617721
07065495,0.650900
06756100,0.602553
05379500,0.625372
11348500,0.540761
03280000,0.690191
08JE001,0.595041
02OB037,0.617696
06214500,0.603368
01049000,0.607765
07064533,0.658064
08KA001,0.543946
09484500,0.511696
09506000,0.561686
05412020,0.622744
01200000,0.642563
05123510,0.576805
03275600,0.661329
01420500,0.627526
13013650,0.469882
03232000,0.670860
05TE002,0.561807
08043950,0.590791
02294775,0.663502
03548500,0.687500
05433000,0.624284
06236100,0.553305
08018500,0.645338
02197500,0.698699
05UH001,0.537284
04062000,0.615922
01BP001,0.602569
05LE006,0.565944
04191500,0.669137
05062000,0.591466
03ED001,0.552614
14362000,0.508264
07195400,0.649209
06913000,0.625907
10308200,0.445593
03234000,0.677343
05502500,0.646999
06307990,0.625420
02203000,0.682501
02PA007,0.609987
13181000,0.559536
02350600,0.661368
02058400,0.666813
04201500,0.675832
03263000,0.671529
03410500,0.691399
09147500,0.539404
11468000,0.485189
04265432,0.642864
02GC002,0.652375
07EB002,0.570104
03282120,0.695852
02369000,0.675482
01420980,0.631759
13142500,0.463446
01EN002,0.621613
13141500,0.466029
02424000,0.685861
04105500,0.656626
07EE009,0.611399
01BG009,0.575410
08HB002,0.625353
11044300,0.447109
03109500,0.674089
02037500,0.684774
09285900,0.517518
02481510,0.681536
06471500,0.581319
08NC004,0.530083
06468250,0.585587
08164000,0.627350
02326000,0.666095
12365000,0.530096
03227500,0.679153
13120500,0.455974
03336645,0.653558
06225500,0.523096
07197000,0.648529
13116500,0.540311
13056500,0.533809
04114000,0.661072
11289651,0.478520
01375000,0.650423
02421000,0.672645
05333500,0.622118
09242500,0.498670
04249000,0.668814
07040450,0.684775
13249500,0.488135
01BC001,0.600383
07GD002,0.601305
09413000,0.527873
03333700,0.660973
03269500,0.666739
07183500,0.641737
07315500,0.636121
01518000,0.633630
11367500,0.474021
11123500,0.406297
01AJ010,0.611064
02411930,0.684405
08KE009,0.595088
03289500,0.684256
09085100,0.522984
07187000,0.648018
07FD011,0.561412
05362000,0.612870
13081500,0.555053
06026500,0.565879
02151500,0.682710
12334510,0.549964
06923950,0.650872
05570910,0.647681
01131500,0.616904
07061500,0.660218
04195500,0.656824
03604400,0.686990
02231600,0.688732
12389500,0.538526
07123000,0.646875
02NE011,0.608987
05311000,0.609326
10BE004,0.568156
05LE004,0.568775
10130500,0.529985
09364500,0.541612
13342500,0.548356
09306200,0.569210
03219500,0.671184
05550000,0.640339
09520500,0.606185
06803555,0.617266
04DA001,0.583492
14369500,0.534084
05504800,0.642002
02372422,0.680333
13344500,0.588836
05483600,0.615538
03575100,0.691874
06814000,0.613200
05558300,0.673880
14209500,0.541643
05355200,0.619322
06478500,0.620478
02358000,0.714545
08KA004,0.581007
11443500,0.474330
08217500,0.483109
09448500,0.596102
04213500,0.650066
05481950,0.623035
05463500,0.616414
06065500,0.587145
03287000,0.704393
08NP001,0.551430
11374000,0.519949
06352000,0.584476
03428500,0.682021
04DB001,0.568419
06917380,0.632425
12452800,0.453383
08329928,0.596422
06349000,0.593323
06868200,0.612383
02380500,0.672949
07029500,0.680572
01130000,0.607727
12413000,0.550848
13075910,0.560504
02196484,0.693656
07047942,0.658741
06108800,0.604928
05542000,0.653520
02PD002,0.584280
01FB001,0.604788
03216500,0.677550
06608500,0.621275
04196500,0.668252
05325000,0.625320
06468170,0.582568
01539000,0.643728
06714000,0.601807
06279500,0.594647
08EC013,0.586512
11289650,0.478520
05458000,0.614818
13023000,0.459804
06307830,0.622466
03287500,0.704672
09067020,0.496819
06639000,0.563040
05338500,0.603607
07143672,0.605676
09511300,0.564407
03207800,0.677964
01402000,0.653444
02215500,0.698728
04031000,0.599517
01566000,0.651243
10039500,0.529765
02245050,0.671565
05211000,0.605337
03426310,0.710955
05420680,0.612308
03QC002,0.550917
02320000,0.696340
06718300,0.519860
02062500,0.674755
01030500,0.612678
06720500,0.604377
02314500,0.666358
01589000,0.669871
03410210,0.691848
03BD002,0.598781
02112250,0.680443
02479000,0.691106
02365200,0.680059
14316500,0.511042
06659502,0.530593
10322000,0.523253
01085500,0.625062
01048000,0.605920
02147020,0.697420
07328500,0.620920
02414500,0.692186
03376500,0.674547
08085500,0.593356
11522500,0.504776
04AB001,0.565087
01096500,0.637879
03357500,0.660690
04114500,0.647462
07144100,0.610118
01503000,0.660558
07AE001,0.596623
11451000,0.474262
11272500,0.501491
02118000,0.678072
04106906,0.659580
01529950,0.653129
04192500,0.668914
14201340,0.625967
02217475,0.672998
06421500,0.617554
03503000,0.679490
06905500,0.653046
01463500,0.654327
01638500,0.682108
09502800,0.517795
11303000,0.481186
07FD006,0.590615
03329000,0.673975
04AA004,0.556881
05554500,0.651228
06923250,0.650012
06478513,0.621713
12149000,0.612549
05BH009,0.600566
03314500,0.691709
02383500,0.687075
03571000,0.688107
05507800,0.658213
06218500,0.512935
07332500,0.621751
06227600,0.540286
03375500,0.666505
13069500,0.533032
04121300,0.623354
10132000,0.537052
01014000,0.598757
09404900,0.547516
06475000,0.608885
05502300,0.641613
05543500,0.672842
02327500,0.669082
11476500,0.507427
11458000,0.466136
03342000,0.684246
01AF007,0.608061
08070200,0.644480
08041500,0.658417
09205000,0.488006
05112000,0.589668
06701500,0.556069
02339500,0.702952
04056500,0.625654
03075070,0.690063
03467000,0.700803
08LG008,0.567617
06041000,0.525403
02443500,0.669801
01520500,0.644175
09277500,0.497765
07BB005,0.592867
02192500,0.665304
07292500,0.669730
08167000,0.590911
06758500,0.642761
05017500,0.518746
06899500,0.645368
06914100,0.625231
09349800,0.527982
06866900,0.596176
10028500,0.530908
07068000,0.672930
07149000,0.595898
06101500,0.617755
01080500,0.615569
01502500,0.651540
02073000,0.664506
08LB020,0.564571
05429500,0.619839
07174400,0.619975
06452320,0.593555
03048500,0.674099
13139500,0.444585
04101000,0.662406
04105000,0.654045
04108660,0.656098
02RC011,0.608024
08KC003,0.603617
02298123,0.663509
04206000,0.668555
06711500,0.595696
03281500,0.686084
02319394,0.683393
05353800,0.610716
08KC001,0.609303
09430500,0.571306
14076500,0.539811
08LF051,0.580497
01673000,0.671794
02312500,0.681512
05MH007,0.570093
14232500,0.521183
08CC001,0.529301
04292500,0.634989
03498500,0.694791
02175500,0.682350
07055608,0.659810
07014500,0.668927
01347000,0.637282
09518000,0.607235
10150500,0.560412
11136800,0.422232
06AD001,0.591848
09119000,0.522544
11133000,0.411566
06600100,0.600278
07105530,0.603591
08181800,0.604998
04122500,0.635317
05525500,0.659908
02066000,0.677753
01670400,0.662411
06228000,0.542993
04060993,0.614958
03340500,0.680670
09503700,0.538183
12189500,0.516370
01642190,0.664804
02441390,0.683930
09302000,0.536840
09169500,0.573089
05463000,0.612415
04293500,0.627809
02OG026,0.630570
01531500,0.661903
04218000,0.664397
08KE016,0.597581
02227500,0.675909
07377000,0.669280
03460795,0.682977
03361500,0.664195
01010000,0.601997
07105500,0.597607
05495000,0.642255
05464000,0.625724
02089500,0.691308
07363400,0.653763
01BQ001,0.605187
03253500,0.698958
08188800,0.642412
01636500,0.671975
03303000,0.678352
05356500,0.623751
03451500,0.689858
05476750,0.616385
02268903,0.688783
03345500,0.671992
07057500,0.655523
14202000,0.628534
03282000,0.694932
02YJ001,0.600346
08206600,0.601546
11471500,0.479032
05MD005,0.563317
03FA003,0.540177
11172175,0.463946
03601990,0.695120
07343200,0.642398
05RC001,0.589038
01BD002,0.590735
07331000,0.632728
04159492,0.653573
06354815,0.579214
12210500,0.558530
06882510,0.631002
01473500,0.659396
02423496,0.672653
11418000,0.488111
02337170,0.692798
02455900,0.680148
07EC002,0.560122
01403060,0.652048
02075045,0.677674
05495500,0.641894
10321950,0.522189
02134480,0.673247
02395980,0.688913
02155500,0.668516
02VB004,0.551093
05482000,0.628518
08NE006,0.515145
03029500,0.642209
08FF001,0.590163
02YA001,0.580166
02387500,0.691826
10109000,0.487377
05455500,0.635232
01018035,0.610537
01198125,0.634015
06334500,0.617775
06904010,0.636449
03201902,0.665926
13342450,0.613655
12414500,0.522507
07380120,0.680940
07064000,0.674152
05365500,0.626151
14166000,0.576934
01595800,0.656622
01112500,0.639372
03212500,0.698027
05482300,0.609424
02301500,0.664612
10131000,0.534128
11424000,0.494419
06037500,0.489642
03599500,0.692498
13183000,0.571687
01548005,0.649945
06465500,0.642526
02RF001,0.599006
07372050,0.671152
05497150,0.645329
06605850,0.607187
07151000,0.618924
07FC003,0.582146
02202600,0.665143
07147070,0.603595
02246025,0.679136
03050500,0.674824
06438500,0.642160
06465000,0.641581
03532000,0.693372
02331600,0.679590
08MA002,0.525165
06077200,0.599177
06922450,0.668077
06601200,0.669462
05OF020,0.581533
06882000,0.630062
08KH010,0.567340
02153551,0.685579
06360500,0.611256
04119000,0.661303
07288955,0.690502
03BC002,0.588024
11158600,0.447434
08LB064,0.563907
02422500,0.669644
01671020,0.667737
03434500,0.676960
07169500,0.621839
04232482,0.659634
03435305,0.675324
11109375,0.424546
12331500,0.568366
09180500,0.575066
11046000,0.448201
08MG013,0.547231
06452000,0.636570
06418900,0.616144
06339500,0.595988
07104000,0.605666
04235600,0.671801
06890100,0.619375
06901500,0.641490
05484650,0.625541
04084445,0.636773
07058000,0.650748
05LH005,0.584807
02437100,0.675454
03325000,0.671785
05395000,0.615688
11044000,0.445540
08319000,0.591826
02344500,0.677479
05MG001,0.557982
03531500,0.689110
07GG001,0.608110
01021500,0.602561
03584020,0.679772
01628500,0.665922
01563500,0.658007
02226500,0.670305
05280000,0.606716
05341500,0.618018
05497000,0.642741
05062500,0.587606
13302500,0.501391
03364000,0.671670
13247500,0.474964
09410100,0.529446
02173500,0.677883
11382000,0.463318
01631000,0.670061
07JD002,0.580678
05498000,0.643706
05418400,0.623989
03124500,0.670468
01536500,0.662358
02404400,0.680537
03065000,0.659414
09306290,0.564307
01129500,0.612944
05331580,0.630482
03333050,0.664965
01431500,0.633445
08NH005,0.535375
04130500,0.633810
05479000,0.614189
09058000,0.516073
03185400,0.689534
02217770,0.676822
03082500,0.672056
13038500,0.495859
03249500,0.692589
12039500,0.566651
02336000,0.684881
06126500,0.625653
09513910,0.484948
02318700,0.665910
02077500,0.667993
01545500,0.649982
01AP004,0.613730
01BH010,0.572048
04FA001,0.581651
02342500,0.677699
02AB021,0.602959
09209400,0.506677
11276600,0.443148
11383500,0.497206
07341200,0.642268
02PL007,0.622952
07030392,0.671018
06892000,0.636694
05550001,0.639840
03193000,0.692508
09260050,0.565113
10261100,0.434213
01547200,0.650924
03076500,0.669531
03338780,0.661827
11413000,0.455249
02296500,0.656456
06699005,0.538032
02055000,0.661721
08068090,0.646961
13152500,0.494117
02234000,0.697353
11464000,0.484023
03323500,0.668953
02019500,0.678201
07099970,0.601398
04082400,0.635913
02374250,0.687103
05570000,0.655514
02217500,0.675857
07378000,0.676106
14211720,0.621443
07375500,0.675708
06799350,0.623403
10296500,0.446108
05429700,0.620668
04124200,0.634877
14301000,0.622773
07047950,0.663586
03599240,0.690397
07049000,0.645795
04067958,0.617304
08LE024,0.530377
14046500,0.571833
04069416,0.627990
03276000,0.665883
09034250,0.503884
07305000,0.598909
05421000,0.619695
05400760,0.627001
08EF001,0.570597
07138070,0.659835
07BK001,0.595516
14316700,0.563141
04059000,0.608344
11493500,0.521903
02096500,0.674351
04027000,0.610864
06928430,0.660046
07171000,0.636027
01173500,0.625499
12351200,0.540567
02303330,0.672806
08032000,0.640760
01321000,0.607130
11372000,0.495949
04146063,0.637000
05551000,0.641878
06354882,0.577040
03324300,0.662418
07GH002,0.610620
06191500,0.493880
06192500,0.517946
03175500,0.680321
06BA002,0.589535
03CB004,0.565692
09482000,0.537558
02213000,0.688069
01152500,0.629383
14120000,0.537823
02338500,0.697414
02135000,0.690359
03025500,0.659545
03251200,0.679975
02210500,0.684599
05482500,0.615696
05QA002,0.600597
05508805,0.640771
06926510,0.674533
06891000,0.660793
04067500,0.626911
08ND013,0.507475
05486490,0.631842
09152500,0.554033
05084000,0.566029
01668000,0.668389
01543000,0.637116
01618000,0.676641
09447000,0.580164
04228500,0.657786
04066800,0.625520
03203600,0.681055
01608000,0.664326
05051522,0.604535
02011800,0.660657
02226000,0.706328
05440700,0.641661
03270500,0.673738
03453500,0.694738
11469000,0.524629
06869950,0.589319
07AH002,0.587132
10159500,0.521026
06807410,0.627098
02UC002,0.558249
02323000,0.703118
06810000,0.635108
08055500,0.623028
01200500,0.638550
02354500,0.665621
13077000,0.547096
03165500,0.669870
05KG002,0.573886
02GD004,0.640652
07195500,0.651358
03250500,0.697110
07140000,0.663459
02358754,0.715528
11517000,0.507479
11070365,0.449189
02481880,0.669215
14155500,0.590351
04DC002,0.566595
14162500,0.532041
14377100,0.540047
06473000,0.603164
01170500,0.627382
08KD006,0.600137
12457000,0.461709
01451000,0.641288
08180800,0.599746
11012000,0.454845
03277500,0.683805
03266000,0.663468
08186500,0.594667
03475000,0.679295
05244000,0.600428
14339000,0.545465
05434500,0.628576
03157500,0.671124
04136900,0.633271
01573560,0.656868
07GE001,0.601362
08098290,0.663108
06414000,0.613834
07050700,0.648450
06020600,0.560849
08LG048,0.555820
05317000,0.607538
02193500,0.658652
03170000,0.661888
11467000,0.480830
12329500,0.557848
07139500,0.662557
02473000,0.679825
08KH001,0.581592
02479300,0.671727
13075500,0.560541
02054500,0.660493
13317000,0.519459
03346500,0.676159
04189000,0.665614
01576754,0.669521
03360000,0.662051
01598500,0.652026
14328000,0.508388
14123500,0.506406
02243000,0.670602
05464500,0.630927
09512800,0.527161
02477000,0.670559
03447687,0.683687
09304500,0.504897
12335100,0.561579
05402000,0.618388
09386950,0.564297
01674000,0.661063
04MD004,0.607967
05594000,0.654311
14233500,0.537526
04292000,0.623046
04117500,0.650773
07307028,0.602512
03142000,0.676089
08276300,0.581519
09304800,0.523208
02PL005,0.620972
05430500,0.632427
04172000,0.649207
09516500,0.486763
03593500,0.724885
04CA003,0.587408
08175000,0.601532
13132500,0.497083
01667500,0.658591
07263012,0.666821
07144795,0.599883
01BJ007,0.598144
07GJ001,0.613381
02FE009,0.631232
14190500,0.596358
02483500,0.679959
13235000,0.436283
09381800,0.556327
03341300,0.667345
01600000,0.650560
02140991,0.684965
07183000,0.632042
02475000,0.686050
06089000,0.587068
04077400,0.618734
08020900,0.659085
01629500,0.668359
14174000,0.605207
04063500,0.618446
13172500,0.581511
07191000,0.626589
08276500,0.568204
03427500,0.675332
12447383,0.444242
13340600,0.509427
07356000,0.653712
03221000,0.674874
07288650,0.655102
11113000,0.419287
03566000,0.694636
07097000,0.581627
02490500,0.665406
13140800,0.448711
02XA003,0.569290
10348200,0.455642
06483500,0.603902
08379500,0.594641
13169500,0.507692
06220800,0.512072
06033000,0.558342
02326512,0.664950
01553500,0.652794
04237500,0.671640
06867000,0.609247
05413500,0.619751
11218400,0.437933
11234760,0.458045
03378000,0.666724
08JB002,0.584857
02472000,0.676575
07EC003,0.559358
11051499,0.431084
03230800,0.664090
08164450,0.637498
07119700,0.644672
04066003,0.623671
06803080,0.610844
04114498,0.647462
06411500,0.609987
11157500,0.444974
03QC001,0.552331
07025400,0.669126
01664000,0.662467
03376300,0.673332
14359000,0.563551
02462951,0.697983
06430500,0.616602
06817000,0.627220
08086290,0.585942
05451210,0.613186
01531000,0.652136
03058975,0.677643
01357500,0.645542
05591200,0.663711
03106500,0.664915
10118000,0.541962
14312000,0.584723
02351890,0.664413
08279500,0.571277
05286000,0.609474
10348000,0.455642
12411000,0.536640
08066250,0.676158
01481000,0.656732
01013500,0.599857
06889000,0.658660
07124200,0.604992
13202000,0.477451
06752500,0.625873
06874000,0.604003
02413300,0.687009
02160105,0.677112
07166000,0.616441
05418500,0.629578
14178000,0.513973
08HA010,0.627390
02197315,0.680252
13042500,0.492573
02016000,0.666307
01AL002,0.612757
02388350,0.670337
08GD008,0.548979
05447500,0.647001
09499000,0.544021
05KG007,0.573338
01481500,0.660827
01205500,0.643825
08070000,0.644466
05107500,0.590103
14307620,0.625343
03321060,0.672891
05473400,0.647465
03527000,0.702153
11345500,0.509602
06DA002,0.534493
11152500,0.445491
02220900,0.675230
06630000,0.560185
05079000,0.599902
06287000,0.601513
06216900,0.603640
05427085,0.631692
05KH007,0.567187
06875900,0.614474
05436500,0.625023
05059700,0.581251
05464220,0.620704
02165000,0.676018
04200500,0.673657
10351700,0.489766
07074000,0.654322
02RH049,0.592669
05405000,0.626563
06200000,0.578172
06477000,0.612947
12448500,0.454810
07211000,0.608498
14103000,0.583981
06707500,0.564372
04FC001,0.585043
03129000,0.682328
02330000,0.678917
01604500,0.665693
02196000,0.661957
06166000,0.589302
11323500,0.480008
03366500,0.677057
03316500,0.700978
10113500,0.515802
09306222,0.573963
04135700,0.626962
02041650,0.669762
05061000,0.586694
06759910,0.648145
02223000,0.688154
03322900,0.669424
02RF002,0.596099
06445685,0.613716
08219500,0.508524
07382000,0.667009
07363500,0.674403
03FC007,0.548902
02087183,0.674058
01471000,0.647608
07257006,0.646943
06386500,0.617501
07346050,0.632109
03176500,0.679265
03117500,0.670811
07251500,0.640457
08KB001,0.596306
02487500,0.671070
02081747,0.670137
08093360,0.591474
08KB003,0.594014
06126050,0.619424
09490500,0.578188
06445700,0.614501
04247000,0.651716
02100500,0.673464
07160500,0.592642
011230695,0.637905
05319500,0.611129
05HD036,0.588327
06412500,0.611324
01551500,0.651142
07FB008,0.603523
05OC016,0.576618
08103800,0.594810
06BD001,0.565488
07BF009,0.587837
03150000,0.685329
06108000,0.594419
08062700,0.638881
08332010,0.606421
13217500,0.518890
06446000,0.619891
05455100,0.628039
07106000,0.610014
06934000,0.670194
06918065,0.641827
01610000,0.676597
08057410,0.629618
11070500,0.447875
11246700,0.468097
07EE010,0.608505
06883000,0.603335
13018750,0.474358
03282290,0.697564
07027720,0.665280
09444000,0.572847
05585000,0.650929
11290000,0.494155
07040100,0.677062
07231000,0.619071
06731000,0.611823
02233500,0.681416
12105900,0.582275
08068000,0.642664
05592000,0.669875
02319500,0.695033
11368000,0.480748
07303400,0.573466
08071280,0.637891
01FB003,0.617902
03334500,0.659699
08148500,0.565637
11470500,0.476863
01570500,0.667119
05481300,0.622983
07237500,0.616905
09224700,0.549289
13015000,0.459407
02173051,0.681088
02PG022,0.602382
13316500,0.504208
06710245,0.587271
11502500,0.540437
02047500,0.680241
02444160,0.686796
05CA012,0.602429
02450180,0.677709
05290000,0.592501
02173030,0.678748
07093700,0.525710
03024000,0.660895
03184500,0.688301
04065106,0.620640
09400350,0.607351
06038800,0.493880
09408135,0.569977
06800500,0.626691
03588500,0.679073
03198500,0.682167
02054530,0.660446
09237500,0.506140
07195430,0.650011
05SA002,0.589462
03349000,0.666112
05487470,0.633596
11370500,0.525669
05082625,0.565634
08317400,0.581971
07FB002,0.599534
08208000,0.588226
03432400,0.677538
08LE031,0.560209
03010500,0.645067
07EA005,0.570308
04294000,0.635323
09382000,0.562709
05378500,0.636977
03209500,0.692159
05488110,0.640003
01437500,0.625936
03057000,0.681844
01573000,0.650525
11525854,0.492069
03231500,0.689447
06412200,0.611317
09070500,0.521815
06653500,0.586796
06AC001,0.583776
02474560,0.682582
01315500,0.610190
02083000,0.666608
08175800,0.635306
07172000,0.610052
07093775,0.557158
11390500,0.539720
06873460,0.599119
14184100,0.559269
06423500,0.635143
08019000,0.636968
02226100,0.652727
02322800,0.676675
05078230,0.588280
06437000,0.629291
03606500,0.663665
04199000,0.666730
06877600,0.636894
02477990,0.676093
04181500,0.669520
07ED001,0.573442
08NN002,0.554261
10329000,0.525365
08086212,0.580237
06048700,0.597565
09188500,0.453851
04208504,0.674165
02423555,0.675467
09279150,0.496544
07314500,0.581340
02373000,0.675745
14148000,0.541640
01116500,0.644657
02234500,0.705768
13171620,0.579426
05481650,0.626575
05457700,0.617691
07BC006,0.582072
03348130,0.661748
02310947,0.675597
09239500,0.512597
05528000,0.634676
04LM001,0.605890
06436760,0.596280
03KC004,0.537190
04227500,0.654370
03205470,0.677311
02RG005,0.600696
07013000,0.664278
02PB006,0.594749
09211200,0.511425
05131500,0.613753
04276500,0.630978
05584500,0.644505
11276900,0.443161
10251250,0.447567
08041700,0.658074
05412500,0.625078
13022500,0.476724
05242300,0.611421
11527000,0.498315
12465000,0.578622
05446500,0.646014
07382500,0.669623
01608500,0.680690
07096500,0.596643
10239000,0.554598
13309220,0.476226
05320500,0.616434
07034000,0.665311
07GD001,0.600769
05MF008,0.559603
02488000,0.690057
14020850,0.577138
06620000,0.535879
01540500,0.664709
05TF002,0.547601
10311700,0.487960
13339500,0.540459
12200500,0.527631
08CE001,0.548238
10BE007,0.566768
09172500,0.518950
11530000,0.505354
03320500,0.672642
04260500,0.629583
11176900,0.471316
02312600,0.681758
07190500,0.669230
01536000,0.648572
02361500,0.672571
07299670,0.568515
02319800,0.695329
01027200,0.598870
01118500,0.649863
09033300,0.501775
14231900,0.519870
06711565,0.589197
07260673,0.656772
13266000,0.523645
06701900,0.561095
08193000,0.594332
06469400,0.579152
01472000,0.654973
10321940,0.522182
02146000,0.696185
02370000,0.675197
11389500,0.538293
13340000,0.536470
03348000,0.660957
03295890,0.677723
04151500,0.657035
06808500,0.634994
02369600,0.685875
08313000,0.579988
08MB006,0.525258
02ZH001,0.607979
12144500,0.579360
13057940,0.544496
07018100,0.677444
01614500,0.652418
02089000,0.687965
05127500,0.608190
03106000,0.667817
03283500,0.682520
06357800,0.612001
02447025,0.691325
02109500,0.678937
07061000,0.678824
12113000,0.630079
02032515,0.647956
01518700,0.637361
06659500,0.530593
03083500,0.679745
11377100,0.533390
04183000,0.666259
06710247,0.587271
05518000,0.668613
08041000,0.674620
08067650,0.641690
07077380,0.672157
07175500,0.627264
01616500,0.651631
01099500,0.640102
06351200,0.596067
14197900,0.614208
03094000,0.675688
12302055,0.536845
05LE008,0.562024
05JM010,0.573672
08041749,0.662991
02052000,0.679047
08044000,0.590790
05501000,0.642650
04125550,0.637654
07166500,0.625150
04164500,0.656364
07288500,0.671664
12359800,0.500013
07FA006,0.585516
02436500,0.665045
11128500,0.407589
07362000,0.675016
07184000,0.636315
07338750,0.652577
10351650,0.485621
02316000,0.670881
12044900,0.522848
11295300,0.441083
01100000,0.633829
06347000,0.576917
14187200,0.573894
07311000,0.589896
09060770,0.521167
06853800,0.594111
05CC008,0.600326
06123030,0.607863
08249000,0.518612
03540500,0.690600
01064500,0.610360
06653300,0.587163
03015500,0.653173
11123000,0.408002
02298830,0.659089
11446500,0.504266
03351000,0.670283
03346000,0.665116
05382000,0.630522
11156500,0.446171
08401900,0.537844
14319500,0.563710
03197000,0.691307
02353000,0.698464
10141000,0.543861
09177000,0.574715
06602400,0.619552
04180000,0.652423
05587900,0.660575
07EA004,0.564184
06863500,0.591576
12213100,0.579650
09497800,0.563915
02372250,0.667869
14163900,0.543630
12035002,0.654648
07364100,0.684506
13105000,0.545502
06911400,0.623490
05DE007,0.604783
05369000,0.617825
01575500,0.660401
09271550,0.532331
01555000,0.643054
10251258,0.450468
02479160,0.674339
06306300,0.595641
09304200,0.494340
07290650,0.675319
10347460,0.453089
01170000,0.611131
06463500,0.609906
06481500,0.591487
08073600,0.635088
10CB001,0.572617
05294000,0.600725
02420000,0.709414
08176500,0.638514
06814500,0.621486
03589500,0.723077
06714215,0.601786
14357500,0.565647
04029990,0.596968
04065722,0.622448
03271601,0.674398
02233484,0.681423
14330000,0.517530
04DC001,0.576591
13314300,0.484563
06815000,0.626997
06918740,0.650624
05316580,0.613575
08FB007,0.543593
05082500,0.608222
01350180,0.622591
14337500,0.550602
06921760,0.649918
03421000,0.693186
13082500,0.562925
03237255,0.683261
03229610,0.685690
09418500,0.528961
13285500,0.548111
09444200,0.584341
02175000,0.695326
02358789,0.674464
03274000,0.676701
03238500,0.674228
05ME003,0.556852
04106000,0.658983
05270500,0.607393
08109800,0.612344
03276500,0.671555
11261500,0.509905
03383000,0.665511
02315500,0.676181
02347500,0.689306
07FA005,0.581348
04103010,0.650771
08330000,0.597803
08104100,0.605592
03011020,0.649987
07182250,0.616516
13075000,0.566373
01367500,0.636824
06205000,0.598678
02341500,0.706378
09489000,0.550619
07336200,0.654902
01606000,0.664758
05TG002,0.555213
08323000,0.518387
09041400,0.531092
02359170,0.716700
05552500,0.649271
03380500,0.665752
07CD004,0.585720
12303500,0.512386
13296500,0.434976
02GC010,0.648096
02397000,0.695409
07AF015,0.599866
02071000,0.676373
14242580,0.597082
07363000,0.667191
01417500,0.632362
04282000,0.614896
06869500,0.616298
02482550,0.676395
12389000,0.555537
03081000,0.666622
07290000,0.684427
04101500,0.663255
01634000,0.665678
02384500,0.687785
01554000,0.664136
06605000,0.603717
07180400,0.608592
05515500,0.658583
12392000,0.555562
07FD001,0.607647
05369500,0.629180
02136000,0.680004
03353800,0.667456
09466500,0.597654
04246500,0.650235
10038000,0.529733
02478500,0.684938
06897500,0.646244
03352500,0.663572
06066500,0.589039
13341050,0.533238
05UH002,0.526405
05060000,0.580906
02LB008,0.628878
06447000,0.628717
09512500,0.535702
08073700,0.635088
02102000,0.679883
07MB001,0.554694
06191000,0.514734
07165750,0.614345
05087500,0.588455
11042000,0.448463
01646500,0.684516
05332500,0.618796
08144600,0.597218
06024450,0.508921
10016900,0.505205
01208500,0.634261
08065800,0.629733
01BH005,0.572600
01BE001,0.596983
02QA017,0.595283
05344500,0.632571
01526500,0.652465
10217000,0.567654
12409000,0.557510
07FD007,0.598794
02317620,0.686522
05419000,0.623985
05227500,0.611050
06884000,0.616402
04267500,0.626419
02084000,0.685809
12041200,0.585178
05NE003,0.570744
08057000,0.628946
05330920,0.626576
01059000,0.616082
06803500,0.617044
07056000,0.652971
05576500,0.665849
11507500,0.535664
12354500,0.555374
06281000,0.538184
07216500,0.576173
06470500,0.594304
08068500,0.644186
06809210,0.620305
13290190,0.486593
02375500,0.690083
06433000,0.622666
08188500,0.621603
05580000,0.650134
07372200,0.679727
13112000,0.543909
10338000,0.447755
05MF001,0.559314
06CD002,0.597779
06BB003,0.595153
12101500,0.604669
02110500,0.677366
06906800,0.648125
08MB005,0.559409
07148400,0.591138
06803513,0.616832
06898000,0.634955
02467500,0.677986
02474600,0.675527
07258500,0.645220
05051300,0.598389
02218300,0.680156
11179000,0.471127
08062500,0.637458
09474000,0.600919
10337500,0.448666
03331500,0.661718
07026040,0.666159
13273000,0.541974
01427510,0.638412
03377500,0.694523
07191500,0.670314
05TG003,0.544325
01BU002,0.620413
11070150,0.450335
05471200,0.619043
05EE009,0.569627
02492000,0.676455
05054000,0.604521
01335754,0.632618
05360500,0.619940
09497500,0.583778
14097100,0.570910
12350250,0.536634
12031000,0.646171
02VC001,0.561046
03379500,0.670152
05551540,0.643311
02049500,0.681769
10CD001,0.565157
02191300,0.676689
12040500,0.644004
02018000,0.674116
07363200,0.671616
04137005,0.634777
06721000,0.612872
03189600,0.674717
04176000,0.657156
08NN022,0.553364
07153000,0.609434
02167000,0.686191
08FC003,0.552921
07JF002,0.560196
07143300,0.585386
02ED101,0.626344
05522500,0.651025
10351600,0.485616
08NK002,0.550713
04073365,0.633649
09409880,0.530068
02312700,0.664420
08111700,0.631791
05340500,0.623653
07188838,0.653995
06FC001,0.530315
02312000,0.684815
05455700,0.645000
05489500,0.644550
06876700,0.595196
01188090,0.630338
05UA003,0.560861
05GG010,0.568467
04113000,0.660684
02162500,0.681368
07052250,0.651826
06470000,0.590094
06885500,0.613091
07LB002,0.533284
03334000,0.659852
07099400,0.598082
09489500,0.564839
02357000,0.665908
07196500,0.653969
08069000,0.637138
07GG003,0.604430
12452990,0.469173
03584600,0.698214
06436000,0.626139
11302000,0.474638
07050500,0.656290
06012500,0.518901
01613000,0.675478
02103000,0.663344
05AB005,0.590536
06040800,0.525403
01453000,0.648776
09414900,0.520281
03189100,0.669155
11266500,0.430100
08NA006,0.513139
06610000,0.669991
08FB006,0.547931
06759500,0.644219
07124000,0.652523
01AM001,0.616148
07264000,0.653728
04235500,0.663243
11270900,0.491137
02483000,0.669509
05QE008,0.601070
02455500,0.678868
03069500,0.660760
09288180,0.532107
11316670,0.447954
03261500,0.667899
07074500,0.688695
06308400,0.583731
03184000,0.666839
06DC001,0.558582
01532000,0.635767
06919500,0.646893
06073500,0.581805
09306500,0.577264
14046000,0.559162
03329700,0.662049
11292700,0.432015
07198000,0.656537
06918440,0.641596
05590950,0.658762
04196800,0.662212
14366000,0.525667
14144800,0.528755
03498850,0.695295
13127000,0.478174
06353000,0.595382
05517500,0.668262
09424447,0.499336
02091814,0.694623
06900050,0.646345
12134500,0.549460
05200510,0.596188
02425000,0.687081
14157500,0.606012
02448000,0.673985
11452500,0.473955
14194150,0.615846
02294655,0.663502
10321590,0.518136
06130500,0.633586
04180500,0.651627
02228000,0.680967
11251000,0.479447
04232000,0.663700
08033500,0.668374
04101800,0.646194
13046000,0.507533
06926500,0.674534
02270500,0.664490
05AH050,0.585241
09431500,0.578939
13265500,0.527435
03414500,0.684273
07DA001,0.609780
08019500,0.627077
01381900,0.647739
12106700,0.582237
01571500,0.651106
09519800,0.606805
13186000,0.444446
07031650,0.673952
01047000,0.597141
03328500,0.665921
02GA038,0.630396
07018500,0.678602
01646502,0.684516
14220500,0.549817
12388700,0.547937
03284000,0.700959
02161000,0.690283
06884025,0.619193
05593000,0.679148
08189500,0.609435
06478690,0.597104
07326500,0.606283
02398300,0.671074
06809500,0.627897
03072655,0.686354
06464100,0.594656
05292000,0.596071
06888500,0.614993
03102850,0.657481
11276500,0.435581
05064000,0.587006
11482500,0.552287
02256500,0.657544
14169000,0.599537
08013500,0.678731
06212500,0.608966
05092000,0.607956
14154500,0.581146
02236000,0.707741
06915800,0.634387
07283000,0.661216
07145500,0.609650
02RD003,0.595158
03164000,0.668352
03270000,0.669243
06043500,0.516540
02173000,0.678740
07083710,0.492621
06408500,0.597881
08NE001,0.510880
07048600,0.647475
01611500,0.656985
04074950,0.615586
05524500,0.650499
02298202,0.667889
06348300,0.593600
13078000,0.547757
09402000,0.612236
02042500,0.666356
08NA045,0.541108
05078000,0.594350
12358500,0.518045
05261000,0.612428
07178200,0.630533
05470000,0.616793
05567500,0.657545
10297500,0.463458
04MF001,0.607300
03PB002,0.557977
13037500,0.493902
09406000,0.568116
07FC001,0.575673
03202400,0.683418
03237500,0.676111
06730500,0.618193
05526000,0.659525
05490500,0.647789
06294000,0.615174
06884400,0.622118
08KA008,0.542089
08185500,0.602359
02133624,0.675767
02315550,0.677083
04125460,0.629504
11463980,0.484023
02354800,0.676099
03079000,0.652855
01423000,0.643736
02163500,0.685600
06016000,0.558499
01434000,0.641816
05327000,0.605251
05498150,0.643699
08EB004,0.579405
05525000,0.652587
08DB001,0.535874
05470500,0.625579
01465500,0.657610
08050100,0.601109
02QA002,0.597845
01177000,0.632235
05397500,0.617500
08MG001,0.584541
07091200,0.515304
01558000,0.648438
11525655,0.489475
13351000,0.606985
02115360,0.683877
13049500,0.511509
04155500,0.628893
12352500,0.544252
07182510,0.623819
05454500,0.639722
08LD001,0.550261
04161820,0.642501
13313000,0.441653
11152300,0.445015
03BF001,0.596531
02366000,0.662542
06725450,0.595469
08143600,0.590260
01567000,0.659302
03112000,0.667834
09168730,0.557145
01327750,0.619532
11022480,0.444966
06355500,0.594659
02387000,0.686294
05MH006,0.565114
01672500,0.670006
11085000,0.431156
02PK005,0.620944
01127000,0.644515
14226500,0.521862
14189000,0.581791
11109000,0.423109
08012150,0.676921
03339500,0.669610
02467000,0.704075
02YK002,0.588706
01529500,0.651007
04193500,0.668402
01576000,0.670571
09112500,0.485837
02350900,0.666481
01520000,0.644775
02294650,0.663502
01BL003,0.603035
03524000,0.689505
05066500,0.578302
05593945,0.653385
06873000,0.593698
01471510,0.652121
09251000,0.545697
12449500,0.459949
12340500,0.563406
06799000,0.619111
05408000,0.627562
01022500,0.607925
08180640,0.596971
02106500,0.676466
13185000,0.448758
08KF001,0.585502
12324590,0.568933
07176500,0.622637
06090800,0.611902
09315000,0.575572
01197500,0.634453
12422500,0.567024
05CK007,0.564422
09163500,0.565272
12324680,0.585593
03528000,0.706452
03354000,0.676436
12459000,0.464924
07069000,0.680686
12462500,0.474798
09144250,0.535523
06036905,0.482516
023177483,0.666302
02418500,0.697075
02160390,0.661050
13337500,0.513679
08OA002,0.714386
09050700,0.484545
02061500,0.665347
03488000,0.675942
12413860,0.560169
07069305,0.656023
01542500,0.654144
04085427,0.627847
03443000,0.676587
05RE001,0.574625
01318500,0.618768
01144500,0.622675
02053200,0.663573
13277000,0.533616
08164300,0.612002
09171100,0.575123
11421000,0.495597
05483450,0.615523
13041010,0.480141
13337000,0.503452
02419890,0.698389
12396500,0.558331
07188885,0.641796
03070500,0.682657
07338500,0.657865
01622000,0.662481
04174500,0.661264
03301500,0.682949
07221500,0.643746
14137002,0.562024
11427000,0.505876
02223056,0.688778
03139000,0.665976
13305000,0.528138
12089500,0.610409
02082585,0.680590
08173000,0.613814
03265000,0.659756
08062000,0.634173
02450000,0.676123
08246500,0.490319
07072500,0.681252
05GF002,0.574902
05BG006,0.593328
03150300,0.685664
02087500,0.679269
05412400,0.616046
07057370,0.674270
07155590,0.608192
04064500,0.618240
08028500,0.692197
04262000,0.626830
03275000,0.668744
06821190,0.647626
09408150,0.569556
08093500,0.591191
12045500,0.522004
12395000,0.530515
02353265,0.673068
10174500,0.526343
11180700,0.471122
13258500,0.510269
04KA001,0.599202
04087170,0.636637
06919900,0.653320
02330150,0.683124
06449100,0.609480
07159750,0.604213
07JA003,0.573139
02OD003,0.628130
05090000,0.575164
11475800,0.510863
14111400,0.496745
06127500,0.626511
08091500,0.589060
01AN002,0.617115
06887000,0.636289
02PE009,0.591648
13047500,0.503163
11140000,0.423096
04137500,0.636135
03300400,0.681683
01054000,0.607214
10315500,0.485305
03226800,0.675419
01578310,0.673219
06652000,0.601665
11519500,0.499534
06119600,0.596980
07285400,0.655468
02388500,0.692164
04275500,0.634728
09405500,0.557024
12353000,0.557325
02LD005,0.622497
13148500,0.488390
01643000,0.666233
02131000,0.702247
08183500,0.608352
06207500,0.558993
06917060,0.632806
13333000,0.562189
03422500,0.699900
07109500,0.618480
06482610,0.586621
03335500,0.676520
03200500,0.685039
01552000,0.643010
04111000,0.662298
05398000,0.620019
14183000,0.547332
02474500,0.673815
05449500,0.612874
03192000,0.677457
12398600,0.557826
07335300,0.641747
05123400,0.567270
10AC004,0.549832
06350000,0.581683
02484000,0.670328
01601500,0.648697
03031500,0.659129
06799500,0.612463
08227000,0.523061
01350355,0.624446
05074500,0.596988
02YR003,0.607667
05569500,0.654693
02197830,0.675124
07053500,0.668682
05383075,0.630211
01199000,0.634065
08207500,0.568886
02411000,0.707711
01160350,0.616440
01172003,0.628780
02FC016,0.615546
03353611,0.674032
04266500,0.622701
02376033,0.691911
02435020,0.661140
04116000,0.663443
06476000,0.609669
02044500,0.656299
06709000,0.603285
02359000,0.678111
08034500,0.639597
02151000,0.676301
10350340,0.479261
05PB018,0.600696
01076500,0.610393
07185765,0.646845
05076000,0.595471
06052500,0.574544
02329600,0.660242
04184500,0.635347
02160700,0.666360
11051500,0.431084
06054500,0.578592
08040600,0.673518
08NG053,0.545769
03020500,0.649511
02396000,0.688913
02361000,0.664469
01168500,0.605099
03267900,0.665387
04147500,0.646205
01364500,0.633590
07289730,0.681335
08211500,0.622162
02RH035,0.590476
05387440,0.612710
06625000,0.502762
02YG001,0.579255
14170000,0.600255
03054500,0.679159
06298000,0.512336
02134170,0.680833
01543500,0.639252
12414900,0.545231
13305310,0.529606
06259000,0.574398
03431500,0.711085
06741510,0.578937
02350512,0.695841
01426500,0.645440
08CG003,0.530531
06428200,0.614673
07247015,0.650303
01428500,0.639302
06804700,0.607580
09481740,0.532688
01054500,0.610834
09112200,0.486621
06817700,0.633308
06280300,0.500952
05NF010,0.564838
03041500,0.665572
10350000,0.467932
06724000,0.588110
01EG002,0.620241
09304115,0.485013
01595500,0.659558
03358000,0.661144
01505000,0.648555
03014500,0.653036
01625000,0.653064
03040000,0.662077
07AA004,0.544810
09067005,0.496872
02056000,0.662380
06438000,0.632232
01017000,0.612920
11335000,0.487034
02025500,0.678693
02428400,0.711204
05383950,0.613856
05476000,0.606220
01632000,0.664434
03202000,0.676480
04024000,0.607204
09486500,0.550255
06930000,0.655656
06751490,0.613632
07EC004,0.555270
01168151,0.595937
04221000,0.649072
07327550,0.591782
11478500,0.515765
02231000,0.663190
06453255,0.599480
05EF004,0.569438
01534000,0.644877
01EO001,0.626017
03OC003,0.565391
03286500,0.704323
13307000,0.518661
13329770,0.483945
06076690,0.597347
08LB047,0.540320
03053500,0.678884
12391950,0.555563
01594440,0.669447
01049265,0.612594
05599490,0.668410
11413520,0.479538
01BG005,0.580540
07EA007,0.567914
06326500,0.638806
02167450,0.661088
04121500,0.631651
02479130,0.664095
05ED002,0.578125
14372300,0.576754
03328000,0.661265
08KD007,0.594002
09363500,0.517947
07144780,0.597312
02455000,0.674561
02YO008,0.601978
02479560,0.681518
02318000,0.671471
05532500,0.647642
14163150,0.539784
14320700,0.597793
05381000,0.615434
02145000,0.680202
03403910,0.675081
05RA001,0.596775
05437500,0.637821
01066000,0.612160
03097550,0.677344
03272100,0.675370
02051500,0.676291
03030500,0.643171
13161500,0.513729
14018500,0.582145
05094000,0.586547
04059500,0.622015
07342500,0.629514
11186001,0.390012
12097850,0.553765
05316500,0.601499
07074420,0.682284
02476600,0.668109
03229500,0.686834
03473000,0.673681
03563000,0.685936
08171000,0.593858
09498400,0.499865
10020300,0.517397
06764880,0.658443
06340500,0.595241
01BH007,0.572167
10251255,0.447586
05471000,0.622539
07FB001,0.602134
05292704,0.591139
13286700,0.553197
06024540,0.519171
10318500,0.520748
02438000,0.672440
02358700,0.714912
06472000,0.601877
06820500,0.640531
03262700,0.668245
04087000,0.634345
10CD004,0.564869
06324500,0.623725
06932000,0.654638
07035800,0.663833
08KA005,0.551417
04195820,0.657444
09419700,0.461171
04199500,0.670247
07DA008,0.585346
14092500,0.567685
06752280,0.606762
01135500,0.620934
07288280,0.667591
07378500,0.678525
13251000,0.503827
05484000,0.620906
07170500,0.629942
08324000,0.539785
06881000,0.621942
14113000,0.514060
09468500,0.555225
08104700,0.600993
11151700,0.439506
06299980,0.569081
09134100,0.549662
04208000,0.673138
06738000,0.544684
13250000,0.491093
02371500,0.669863
01108000,0.650057
11532500,0.562815
06337000,0.630345
01166500,0.617213
02486000,0.684824
08NB012,0.505752
09413700,0.566489
05389000,0.615078
02021500,0.657692
12372000,0.529028
13335690,0.522679
09424900,0.513029
07087050,0.482658
07177500,0.626583
05129115,0.608438
04223000,0.652945
04058100,0.602142
02355350,0.677611
02472850,0.659959
01329500,0.622959
05132000,0.603738
02349605,0.691996
08NK016,0.544347
03404000,0.687870
06919020,0.650819
02RH045,0.601983
01138500,0.621406
08099300,0.580619
07062500,0.665496
06878000,0.612209
03291500,0.687649
05054500,0.579066
01161000,0.615637
06918060,0.641827
08FE003,0.558178
07171600,0.608630
03302800,0.674637
06865500,0.629712
02096960,0.676308
04086000,0.630270
03217000,0.681384
07178000,0.628207
08GD004,0.527819
05411850,0.617242
06085800,0.567086
05458300,0.620644
03085000,0.690191
05573540,0.659326
06471000,0.595580
10155000,0.508193
02040000,0.668044
06713300,0.607662
07FB006,0.596088
07311700,0.563258
05KB003,0.564810
02439400,0.672181
07261500,0.656085
02323500,0.703440
02352500,0.697040
03327500,0.672611
05KC001,0.565736
06331000,0.582127
03173000,0.668089
05304500,0.601417
14142500,0.591665
02013100,0.669565
02321975,0.674526
07346000,0.636947
01031500,0.596214
07086000,0.487011
07348700,0.650236
07036100,0.663833
07076620,0.664321
13032500,0.489442
08130700,0.571948
02367900,0.672370
02131500,0.674393
03381500,0.677731
05506500,0.651814
03183500,0.665180
06916600,0.637627
11367800,0.476285
06071300,0.604899
01329490,0.622959
11147500,0.421747
07096000,0.564021
01EC001,0.626530
07274000,0.664850
07325000,0.590903
09486055,0.545734
09147025,0.534911
02112000,0.678338
11106550,0.403988
02364500,0.673974
01633000,0.669181
09093700,0.535674
06906300,0.645516
10346000,0.451224
07EA002,0.572510
05OE004,0.584833
05500000,0.641863
02YM001,0.597170
05078500,0.591413
08NA002,0.533653
07054080,0.650574
06806500,0.614447
04263000,0.649082
05EF005,0.564512
08EE013,0.572250
07031740,0.674532
06309000,0.638314
08KD001,0.573477
07030050,0.686335
02198000,0.674599
02223500,0.693913
07066000,0.654399
05484500,0.624214
13335700,0.502932
04071000,0.621540
06634620,0.563664
14400000,0.587933
06730200,0.604298
02464000,0.678802
05597000,0.660960
02PJ030,0.616745
11238600,0.458823
11526250,0.493278
03MD001,0.525063
08012000,0.672078
06306250,0.597998
02382500,0.680039
04142000,0.626617
02024000,0.665827
02320500,0.697392
06904050,0.638503
01358000,0.640777
04198000,0.668857
10183500,0.542931
13073000,0.559016
03353000,0.671978
05UG001,0.528103
04269000,0.638551
06313590,0.603941
03167000,0.665748
08EE020,0.550713
03032500,0.650632
07260500,0.654540
06432020,0.612118
06036650,0.574703
10312000,0.501435
13175100,0.493894
09313000,0.514847
03341500,0.682451
08NH130,0.509933
02312762,0.682745
03574500,0.682102
02472500,0.666958
06425500,0.621860
04252500,0.623817
06799100,0.607543
07063000,0.670184
02JB013,0.607991
07247000,0.650321
08MG005,0.523026
08086050,0.574386
06395000,0.625940
13046995,0.496340
03085500,0.675904
11138500,0.419289
03262000,0.664919
05568500,0.675747
07230500,0.614245
01548500,0.640110
05372995,0.611824
02440500,0.669222
02341800,0.676137
06786000,0.622247
07324200,0.582966
02423425,0.672636
02060500,0.673535
07343500,0.633457
07340000,0.665526
04AD002,0.566698
13213100,0.585621
03086000,0.687964
09124500,0.497033
06609500,0.622806
01151500,0.611444
01BD008,0.593356
11159000,0.452946
04209000,0.663527
14238000,0.557695
08167500,0.602412
05427570,0.631984
05435500,0.631328
01053500,0.604299
13336500,0.515970
11477000,0.514386
02113850,0.669053
03098600,0.677991
06324000,0.595151
01034500,0.612143
03301000,0.680526
03007800,0.641967
02035000,0.683481
08EB005,0.552975
03347000,0.659852
06327500,0.646955
07EE007,0.602679
12419000,0.563272
03190400,0.670827
09149500,0.575139
04045500,0.619254
02OE032,0.621678
07096250,0.570606
07134100,0.608862
05517000,0.667655
07143665,0.603850
02240500,0.685279
13213000,0.511921
01442500,0.644956
06324970,0.607550
03433500,0.676321
01576500,0.665134
08279000,0.561265
02YK005,0.589554
08ND012,0.514272
05320000,0.616839
08NB019,0.501594
04103500,0.651021
01533400,0.661298
03436100,0.676764
07221000,0.611476
09469500,0.599738
01563200,0.651788
07074850,0.689329
02427250,0.662644
07311500,0.584506
12027500,0.647289
03271800,0.658424
05451500,0.622752
03115400,0.673423
01331095,0.626702
03061000,0.681110
02395000,0.687780
12391400,0.555969
13052200,0.516621
05051600,0.582626
07186000,0.652013
08084000,0.584364
08172000,0.611604
10309000,0.464433
04273500,0.642512
06906000,0.649587
05520500,0.670174
05267000,0.612921
05474000,0.651588
04041500,0.617274
07030240,0.670951
04176500,0.658913
05572000,0.653703
04250200,0.614136
10350400,0.483311
04071765,0.623335
02479310,0.695543
07039500,0.672120
05496000,0.644304
02FE013,0.629845
05288500,0.619942
06797500,0.614972
01021000,0.606403
11319500,0.474317
01644000,0.657648
03298500,0.687940
03159500,0.671640
03403500,0.686029
08211000,0.621490
09384000,0.570856
13062500,0.526843
09406100,0.568088
10311400,0.487979
02070500,0.662591
03575500,0.719872
02082506,0.677204
12344000,0.522748
08NL024,0.566577
11023000,0.444072
04229500,0.652387
08CD001,0.551453
07176000,0.643917
07383500,0.651867
06410500,0.607662
05431486,0.623318
05LL015,0.579654
02349500,0.691230
06441500,0.604663
04100500,0.661049
05485500,0.632397
08186000,0.605433
14211010,0.589595
08180500,0.596154
06876900,0.624044
05AA028,0.555452
05RB003,0.593801
10396000,0.504773
06813500,0.676821
05050000,0.599492
01544000,0.636797
03168000,0.675627
01568000,0.643700
07312700,0.588705
12448000,0.455148
03091500,0.675149
04115000,0.653375
13057000,0.515435
03598000,0.685429
13168500,0.549805
09251100,0.551430
08ED002,0.546163
08289000,0.561299
01663500,0.659655
03152000,0.681133
01334500,0.628715
08061750,0.631453
12394000,0.516873
05459500,0.613088
01447800,0.639112
02336490,0.688212
02442500,0.665707
03072000,0.681692
08DD001,0.512877
01619500,0.662159
12017000,0.656520
10352500,0.500045
04CA002,0.586874
06235500,0.539510
02465000,0.699034
01122500,0.638290
06888350,0.657437
11151300,0.434430
02337000,0.681020
07249413,0.655729
06918460,0.643426
02370500,0.672301
09482500,0.541684
06GA001,0.519664
06290500,0.563314
06335500,0.619963
07315700,0.592560
09504420,0.530699
07AF013,0.582286
07257500,0.656435
05300000,0.604126
03015310,0.654633
14048000,0.596472
14087380,0.571693
03401000,0.684794
06195600,0.605727
05055300,0.580800
07362100,0.659970
05517530,0.668329
08NB014,0.493044
06910750,0.648097
12363000,0.513671
01606500,0.666391
04102500,0.652621
04124000,0.635104
02124742,0.668707
01574000,0.657936
08LE027,0.532554
02223248,0.691332
08028000,0.657285
02301719,0.667461
06719505,0.555094
01400500,0.648066
09470000,0.600004
02147500,0.658932
10321000,0.525053
07145200,0.595955
07072000,0.664583
10311000,0.483320
08KH006,0.587848
04212100,0.672257
02039500,0.667592
08181480,0.589620
06329500,0.649167
07335790,0.658724
07094500,0.552574
08NB005,0.529668
09114500,0.493340
09166500,0.511088
02102500,0.686410
034315005,0.711085
04122200,0.639867
08064100,0.610194
06295000,0.632234
04078500,0.614876
09494000,0.563841
